0.1	4.0	4.0	3.0736	3.1992
0.11	4.0	3.6775199999999955	3.1376	3.1928
0.12	4.0	4.0	3.2068	3.0936
0.13	4.0	4.0	3.248	3.0648
0.13999999999999999	4.0	3.8301599999999993	3.132	3.1144
0.14999999999999997	3.712	3.8301599999999993	3.0916	3.0816
0.15999999999999998	4.0	4.0	3.2184	3.312
0.16999999999999998	4.0	4.0	3.3704	3.2496
0.17999999999999997	4.0	4.0	3.3068	3.268
0.18999999999999995	4.0	4.0	3.4968	3.1472
0.19999999999999996	3.7408	4.0	3.1856	3.0784
0.20999999999999996	3.7152	4.0	3.484	3.0344
0.21999999999999995	3.7728	4.0	3.5164	3.0744
0.22999999999999995	3.7248	4.0	3.1812	3.2312
0.23999999999999994	3.7152	3.8367199999999997	3.4516	3.0872
0.24999999999999992	4.0	4.0	3.7	3.244
0.2599999999999999	4.0	4.0	3.5672	3.1696
0.2699999999999999	4.0	3.8368	3.6072	2.9928
0.2799999999999999	3.7312	4.0	3.4756	3.1696
0.2899999999999999	3.7632	4.0	3.7668	3.124
0.29999999999999993	4.0	4.0	3.8072	3.1272
0.30999999999999994	4.0	3.6792799999999994	3.8316	3.1312
0.3199999999999999	3.7344	4.0	3.7824	3.1544
0.32999999999999985	4.0	4.0	3.8624	3.024
0.33999999999999986	4.0	4.0	3.7008	3.1336
0.34999999999999987	4.0	3.8336	3.8396	3.028
0.3599999999999999	4.0	4.0	3.7388	3.076
0.3699999999999999	3.7216	4.0	4.0	3.2176
0.3799999999999999	4.0	4.0	3.8636	3.0384
0.3899999999999999	4.0	4.0	3.7572	3.0696
0.3999999999999998	4.0	4.0	4.0	3.2264
0.4099999999999998	3.7216	4.0	4.0	3.0712
0.4199999999999998	4.0	4.0	4.0	3.044
0.4299999999999998	3.744	4.0	3.8752	3.0512
0.43999999999999984	4.0	4.0	4.0	2.9072
0.44999999999999984	4.0	3.8368	3.8324	3.2328
0.45999999999999985	4.0	4.0	3.6788	2.9016
0.46999999999999986	3.76	4.0	4.0	2.9184
0.47999999999999976	3.7312	4.0	3.6648	2.8432
0.48999999999999977	3.7184	4.0	3.79	3.0392
0.4999999999999998	4.0	3.84	4.0	3.2696
0.5099999999999998	4.0	4.0	3.8076	3.0104
0.5199999999999998	4.0	4.0	4.0	3.0712
0.5299999999999998	3.7376	4.0	4.0	3.264
0.5399999999999998	4.0	4.0	4.0	2.9864
0.5499999999999998	3.7344	4.0	3.6644	3.1264
0.5599999999999997	4.0	4.0	4.0	3.4568
0.5699999999999997	3.7312	4.0	3.6652	3.036
0.5799999999999997	3.744	4.0	4.0	3.176
0.5899999999999997	4.0	4.0	4.0	3.176
0.5999999999999998	3.7184	4.0	4.0	3.4232
0.6099999999999998	4.0	3.817680000000002	4.0	2.888
0.6199999999999998	4.0	3.8207199999999997	4.0	3.4448
0.6299999999999997	4.0	4.0	4.0	3.2432
0.6399999999999997	3.7312	3.83344	4.0	3.5368
0.6499999999999997	4.0	3.8207199999999997	4.0	3.1944
0.6599999999999997	4.0	4.0	4.0	3.2128
0.6699999999999997	4.0	4.0	4.0	3.256
0.6799999999999997	4.0	4.0	4.0	3.2264
0.6899999999999997	4.0	4.0	4.0	3.1952
0.6999999999999996	3.7408	4.0	4.0	3.544
0.7099999999999996	3.824	3.679279999999999	4.0	3.228
0.7199999999999996	4.0	4.0	4.0	3.0808
0.7299999999999996	4.0	4.0	4.0	3.328
0.7399999999999997	4.0	4.0	3.548	3.3368
0.7499999999999997	4.0	3.824	4.0	3.12
0.7599999999999997	3.7504	4.0	4.0	3.0848
0.7699999999999997	4.0	3.83368	4.0	3.1352
0.7799999999999997	3.7184	4.0	4.0	3.5296
0.7899999999999996	4.0	4.0	4.0	3.08
0.7999999999999996	3.7312	3.8305599999999997	4.0	3.0408
0.8099999999999996	4.0	4.0	3.8648	3.1752
0.8199999999999996	4.0	4.0	4.0	3.168
0.8299999999999996	4.0	4.0	4.0	3.2968
0.8399999999999996	4.0	4.0	4.0	2.9656
0.8499999999999996	4.0	4.0	4.0	3.4048
0.8599999999999995	4.0	4.0	4.0	3.1984
0.8699999999999996	4.0	4.0	4.0	2.9968
0.8799999999999996	4.0	4.0	4.0	3.0864
0.8899999999999996	4.0	4.0	3.826	3.0224
0.8999999999999996	4.0	3.8206399999999996	3.8328	3.272
0.9099999999999996	4.0	4.0	4.0	3.3608
0.9199999999999996	3.7632	4.0	3.6664	3.2944
0.9299999999999996	3.7344	4.0	4.0	3.0448
0.9399999999999996	4.0	3.7213599999999927	3.62	3.0944
0.9499999999999995	3.9232	4.0	4.0	3.1784
0.9599999999999995	4.0	4.0	3.9732	3.1432
0.9699999999999995	4.0	4.0	4.0	2.9544
0.9799999999999995	4.0	4.0	4.0	3.0368
0.9899999999999995	4.0	4.0	3.706	3.288
0.9999999999999996	3.68	4.0	3.6628	3.1216
1.0099999999999996	4.0	4.0	4.0	3.0016
1.0199999999999996	3.7248	4.0	3.77	3.1848
1.0299999999999996	3.5104	4.0	4.0	2.9552
1.0399999999999996	4.0	4.0	3.5788	3.2088
1.0499999999999996	3.6736	4.0	4.0	2.9504
1.0599999999999996	4.0	4.0	4.0	3.3432
1.0699999999999996	4.0	4.0	4.0	3.112
1.0799999999999996	3.68	4.0	4.0	2.9728
1.0899999999999996	4.0	4.0	4.0	2.9568
1.0999999999999996	4.0	4.0	4.0	3.8408
1.1099999999999997	3.6384	3.6793600000000057	3.8984	2.76
1.1199999999999997	4.0	4.0	4.0	3.1536
1.1299999999999997	4.0	4.0	3.4248	2.9504
1.1399999999999997	3.68	4.0	4.0	3.0
1.1499999999999995	4.0	3.6788000000000007	3.7112	2.8416
1.1599999999999995	4.0	4.0	3.672	3.1248
1.1699999999999995	3.04	3.36064	3.6456	3.3216
1.1799999999999995	3.9808	4.0	4.0	2.948
1.1899999999999995	4.0	3.4304000000000014	3.6376	2.9328
1.1999999999999995	3.68	4.0	3.7268	3.3064
1.2099999999999995	3.68	4.0	3.668	2.868
1.2199999999999995	4.0	3.5691999999999933	4.0	2.968
1.2299999999999995	4.0	4.0	3.9752	3.1472
1.2399999999999995	3.68	3.5436000000000085	3.392	2.904
1.2499999999999996	3.68	3.9241600000000036	4.0	2.7416
1.2599999999999996	3.6928	4.0	4.0	3.2464
1.2699999999999996	4.0	4.0	3.4008	2.5984
1.2799999999999996	3.6736	3.677999999999993	3.6816	2.9928
1.2899999999999996	3.68	3.6800000000000006	3.4392	2.8984
1.2999999999999994	4.0	4.0	3.7756	3.0648
1.3099999999999994	3.6736	3.6779999999999995	3.6308	3.1176
1.3199999999999994	3.68	3.9230399999999994	3.79	2.812
1.3299999999999994	3.68	3.681200000000009	3.9252	2.7576
1.3399999999999994	3.776	4.0	3.6088	3.0592
1.3499999999999994	4.0	3.3448799999999954	3.6184	2.96
1.3599999999999994	4.0	3.7945599999999984	3.5984	2.9192
1.3699999999999994	3.36	3.673439999999996	3.682	2.6096
1.3799999999999994	4.0	3.167200000000004	3.7116	2.9216
1.3899999999999995	4.0	3.355439999999995	3.33	2.9496
1.3999999999999995	4.0	3.6676799999999994	3.286	2.7256
1.4099999999999995	3.68	3.6992799999999995	3.692	2.912
1.4199999999999995	2.9824	4.0	3.9572	2.8552
1.4299999999999995	3.36	3.7667199999999923	3.1624	2.7144
1.4399999999999995	3.7312	3.7464799999999983	3.5828	2.9496
1.4499999999999995	3.36	3.863919999999994	3.8036	2.8528
1.4599999999999995	3.68	3.3583999999999876	3.6608	3.0464
1.4699999999999993	3.68	3.5205600000000037	3.6544	2.7552
1.4799999999999993	3.68	4.0	3.6256	2.8016
1.4899999999999993	3.36	4.0	3.8616	2.756
1.4999999999999993	3.3472	3.6517599999999932	3.072	2.9808
1.5099999999999993	4.0	3.358479999999999	3.4844	2.288
1.5199999999999994	3.36	4.0	3.5204	3.2136
1.5299999999999994	3.36	3.677919999999998	3.3004	3.2456
1.5399999999999994	3.6544	3.1959199999999903	4.0	3.152
1.5499999999999994	3.6288	3.25384000000001	3.2044	2.9208
1.5599999999999994	3.3568	3.0374399999999993	3.9372	2.8048
1.5699999999999994	3.3536	3.3599199999999954	3.674	2.9632
1.5799999999999994	3.36	3.3610399999999943	3.1076	2.7888
1.5899999999999994	3.5168	3.6764000000000023	2.9832	2.8616
1.5999999999999994	4.0	4.0	4.0	2.4888
1.6099999999999994	2.7136	4.0	3.8856	2.8224
1.6199999999999992	3.68	4.0	3.4688	2.9424
1.6299999999999992	2.5376	3.6803200000000014	3.9444	2.544
1.6399999999999992	3.3536	3.667760000000002	3.6944	2.8352
1.6499999999999992	3.36	3.3564000000000065	3.4168	2.9856
1.6599999999999993	3.36	3.609919999999999	3.5596	2.7056
1.6699999999999993	3.6736	3.028639999999999	3.4368	2.3576
1.6799999999999993	3.3536	3.682080000000003	3.3984	2.8664
1.6899999999999993	3.36	3.6828800000000075	3.2556	2.4384
1.6999999999999993	3.2896	3.3648800000000083	3.2008	2.5296
1.7099999999999993	3.04	3.6821600000000085	3.4052	2.6624
1.7199999999999993	3.04	3.674239999999997	3.1684	2.4952
1.7299999999999993	3.6384	3.0388	3.6936	2.9536
1.7399999999999993	3.68	3.676959999999995	3.6764	2.5792
1.7499999999999993	3.0208	3.110960000000014	3.7564	3.0368
1.7599999999999993	3.36	3.6328000000000014	3.5	2.4312
1.7699999999999994	2.592	3.0339200000000037	3.744	2.6048
1.7799999999999994	3.36	3.641279999999994	2.6964	2.988
1.7899999999999991	3.04	3.1641599999999945	3.0248	2.6976
1.7999999999999992	3.6608	3.4623999999999993	3.3536	2.6296
1.8099999999999992	3.0272	3.3255999999999983	2.892	2.492
1.8199999999999992	3.2384	2.870880000000001	2.2124	3.08
1.8299999999999992	2.6944	3.4459200000000005	3.4868	2.6208
1.8399999999999992	2.9696	4.0	2.934	2.4568
1.8499999999999992	3.2576	3.041760000000006	3.1296	2.5424
1.8599999999999992	2.72	2.985200000000004	3.3392	2.2728
1.8699999999999992	3.4688	3.270800000000013	3.592	2.6912
1.8799999999999992	2.912	3.223920000000011	3.6076	2.3704
1.8899999999999992	3.168	3.14744000000001	3.2924	2.4672
1.8999999999999992	3.36	3.3330400000000124	2.8336	2.1056
1.9099999999999993	2.4	3.683200000000005	3.3308	2.6616
1.9199999999999993	2.72	3.3139200000000035	2.6748	2.3728
1.9299999999999993	3.3536	2.764159999999994	3.0472	2.428
1.939999999999999	2.3936	3.023280000000002	3.5	2.0752
1.949999999999999	3.3536	3.3524799999999972	2.4784	2.5648
1.959999999999999	2.72	3.3600000000000065	3.522	2.772
1.969999999999999	3.3088	3.2720000000000162	3.0388	2.8032
1.979999999999999	3.5008	3.036239999999993	2.876	2.2424
1.989999999999999	3.36	3.026560000000009	2.9876	2.3384
1.9999999999999991	2.8352	3.6784800000000017	2.7404	2.728
2.009999999999999	2.9568	3.039999999999998	3.5756	2.5568
2.019999999999999	3.5136	3.5872000000000064	3.0504	2.6024
2.029999999999999	3.0272	2.358400000000003	3.0496	2.4072
2.039999999999999	3.04	2.7828799999999907	3.1256	2.0384
2.049999999999999	3.296	2.167520000000006	2.9676	2.8376
2.059999999999999	2.5344	3.016800000000003	2.9308	2.372
2.069999999999999	3.0976	2.7807999999999904	2.278	1.9432
2.079999999999999	2.5344	2.3861599999999923	3.0552	2.9344
2.089999999999999	2.72	2.818720000000002	3.084	2.8488
2.099999999999999	2.88	2.2762399999999996	2.82	2.2784
2.109999999999999	2.6816	3.447600000000009	2.9508	2.4448
2.119999999999999	2.4704	2.078479999999997	2.8072	2.212
2.129999999999999	2.7328	3.3073600000000005	3.4836	1.6392
2.1399999999999992	2.72	3.0216000000000047	2.9364	2.1912
2.149999999999999	3.04	2.715119999999998	2.258	2.3928
2.1599999999999993	3.36	3.131200000000005	2.3216	2.0488
2.169999999999999	2.2272	2.713999999999997	2.7504	2.236
2.1799999999999993	2.4128	2.8576800000000135	3.3316	2.3632
2.189999999999999	1.9776	1.6704799999999933	2.5812	2.8016
2.199999999999999	2.0864	3.083840000000013	2.4592	2.3656
2.209999999999999	2.08	3.096719999999994	2.6508	2.2592
2.219999999999999	2.2272	2.621439999999998	2.9304	1.9736
2.229999999999999	2.4	2.6318399999999937	2.254	2.0512
2.239999999999999	1.7472	2.3630399999999967	3.3804	1.844
2.249999999999999	3.0336	2.370159999999994	3.0508	2.0936
2.259999999999999	2.4	2.5420800000000052	2.748	2.2136
2.269999999999999	2.6112	2.461120000000001	2.7732	2.152
2.279999999999999	2.5088	2.6179200000000047	1.9744	1.6704
2.289999999999999	2.2784	2.476719999999986	2.7864	2.2328
2.299999999999999	2.5216	2.4588799999999997	2.6012	2.1992
2.309999999999999	2.9888	2.6814399999999927	2.3668	2.352
2.319999999999999	1.5872	2.7064800000000035	2.1052	2.5912
2.329999999999999	1.6704	2.667360000000007	2.4736	2.3016
2.339999999999999	2.7328	2.3624000000000014	1.8112	2.4608
2.3499999999999988	3.0464	2.9387200000000036	2.6816	2.6928
2.359999999999999	3.04	2.0865600000000035	2.572	2.0376
2.3699999999999988	2.6368	2.1480000000000046	2.6244	2.0672
2.379999999999999	1.728	2.465839999999997	2.4344	2.4024
2.389999999999999	2.1696	2.9714400000000065	2.5416	2.2104
2.399999999999999	2.5536	3.3592799999999907	2.7104	2.176
2.409999999999999	2.6048	1.3756799999999967	2.2128	2.2272
2.419999999999999	1.3376	2.1486400000000017	2.3868	2.6192
2.429999999999999	2.3872	3.0858399999999953	2.1532	2.1808
2.439999999999999	1.5808	1.6727200000000015	2.3496	2.4304
2.449999999999999	1.7536	2.9269599999999913	2.6652	2.468
2.459999999999999	2.3872	2.6799999999999975	3.0088	1.7536
2.469999999999999	1.6032	2.1228800000000003	2.0492	1.6888
2.479999999999999	2.5728	2.3146400000000016	2.0084	2.3776
2.489999999999999	2.2784	2.960320000000014	2.444	2.476
2.4999999999999987	1.7472	2.5456800000000075	2.2236	2.6224
2.509999999999999	2.0736	1.370640000000003	2.2048	2.1296
2.5199999999999987	1.0944	1.4196800000000023	2.1384	1.6872
2.529999999999999	0.7488	1.9113600000000086	2.59	1.732
2.5399999999999987	2.9312	2.4216799999999923	2.324	2.1384
2.549999999999999	2.08	2.3161600000000067	2.2184	2.0488
2.5599999999999987	1.5232	2.0944	2.8292	1.872
2.569999999999999	1.9008	1.9602400000000015	3.0376	1.9352
2.5799999999999987	0.9856	2.504800000000002	2.2424	2.1704
2.589999999999999	0.8352	2.130480000000003	2.0532	1.94
2.5999999999999988	2.08	2.1987999999999905	2.5688	2.2392
2.609999999999999	1.5296	2.988960000000001	2.7224	1.872
2.6199999999999988	2.0672	1.9538399999999998	2.5428	2.328
2.629999999999999	1.6768	1.9084000000000014	1.9508	1.692
2.639999999999999	1.0752	2.25296000000001	1.9048	2.3336
2.649999999999999	1.4336	2.154959999999999	2.1588	1.444
2.659999999999999	2.6656	1.7532000000000105	2.286	2.1728
2.6699999999999986	1.376	1.5590400000000004	2.442	1.536
2.679999999999999	2.2848	1.3102399999999996	2.218	2.1536
2.6899999999999986	1.8368	2.0114399999999906	2.7592	2.0936
2.699999999999999	1.8304	2.250880000000002	2.988	2.32
2.7099999999999986	2.08	1.805520000000003	2.206	1.2928
2.719999999999999	2.3616	1.991359999999994	2.1872	1.8952
2.7299999999999986	1.9136	2.166960000000006	2.508	1.5456
2.739999999999999	1.92	2.6022399999999988	1.6836	1.736
2.7499999999999987	1.9264	2.1715200000000014	2.1784	1.8144
2.759999999999999	1.6512	1.6919200000000052	2.2868	1.6696
2.7699999999999987	1.8112	1.4127199999999929	2.0944	1.568
2.779999999999999	1.3248	1.5505600000000028	2.0604	1.7392
2.7899999999999987	2.3936	1.8429600000000053	1.8316	1.3632
2.799999999999999	1.4208	1.6918399999999991	2.0456	1.728
2.8099999999999987	1.5872	2.441680000000004	2.0224	1.4944
2.819999999999999	0.8832	1.7480800000000007	2.4552	2.204
2.8299999999999987	1.76	1.9780799999999998	2.1296	1.66
2.8399999999999985	0.8704	1.7297600000000006	1.826	1.5144
2.8499999999999988	1.5552	1.778239999999997	2.2152	2.1016
2.8599999999999985	2.2976	1.5831200000000023	1.9808	1.4744
2.8699999999999988	1.536	1.465199999999998	2.2064	2.148
2.8799999999999986	1.3056	0.9691200000000075	1.7984	0.988
2.889999999999999	1.4592	1.6346400000000096	1.64	1.8344
2.8999999999999986	1.6896	1.960479999999999	1.7216	1.7096
2.909999999999999	1.888	2.069199999999995	1.9152	1.4688
2.9199999999999986	1.92	1.4467999999999988	1.594	1.6136
2.929999999999999	1.3248	1.9524800000000024	1.9424	1.932
2.9399999999999986	1.888	2.125999999999996	1.6392	1.9696
2.949999999999999	1.984	1.4266400000000077	2.2124	1.88
2.9599999999999986	1.8816	1.5158400000000027	3.2	1.6088
2.969999999999999	0.5568	1.5107999999999908	1.806	1.7752
2.9799999999999986	1.7088	1.5057600000000007	1.9708	0.9904
2.9899999999999984	1.568	2.28263999999999	2.228	2.208
2.9999999999999987	0.3584	1.9074399999999991	2.1864	1.4824
3.0099999999999985	1.0752	1.7473599999999985	1.834	1.2144
3.0199999999999987	0.9088	2.3836799999999987	1.958	1.4384
3.0299999999999985	1.0432	0.9230400000000077	2.0544	1.2504
3.0399999999999987	0.2752	2.0283199999999937	1.2976	1.9888
3.0499999999999985	1.2736	0.9735199999999988	2.64	1.5088
3.0599999999999987	1.312	1.3204000000000005	1.8044	1.3088
3.0699999999999985	1.7664	2.1330399999999927	1.5928	1.7832
3.0799999999999987	1.5424	1.7598400000000023	1.3668	1.9904
3.0899999999999985	1.9136	1.6420799999999978	1.7196	1.8632
3.0999999999999988	1.6768	1.6506400000000057	1.6924	1.14
3.1099999999999985	0.896	1.413999999999997	1.392	1.0248
3.1199999999999988	1.664	0.9975999999999976	1.668	0.9888
3.1299999999999986	1.0432	0.5745599999999974	2.29	1.2616
3.1399999999999983	1.76	1.3978400000000009	1.9552	2.0968
3.1499999999999986	0.9664	1.7474400000000052	1.8348	1.376
3.1599999999999984	1.1712	1.469760000000008	1.7	1.6528
3.1699999999999986	1.712	1.9940799999999985	2.2668	1.5064
3.1799999999999984	0.8576	0.3568799999999988	1.3676	1.5016
3.1899999999999986	1.3696	1.7242400000000027	1.7488	1.428
3.1999999999999984	1.0304	1.7948000000000033	1.9888	1.8048
3.2099999999999986	1.1776	2.094399999999997	1.5032	1.4792
3.2199999999999984	1.0368	0.6307199999999958	2.2216	1.792
3.2299999999999986	0.8384	1.984800000000011	1.3432	1.6376
3.2399999999999984	1.6256	1.6706399999999972	1.4168	1.1736
3.2499999999999987	0.1664	0.7796000000000002	1.918	1.4008
3.2599999999999985	2.0736	1.504719999999995	1.0908	1.4376
3.2699999999999987	0.4992	1.981279999999997	1.002	0.648
3.2799999999999985	1.4336	1.625599999999998	1.6336	1.5672
3.2899999999999987	1.2032	1.8533600000000034	1.1732	1.4968
3.2999999999999985	1.7152	2.496079999999997	2.3476	1.3464
3.3099999999999983	0.6016	1.1451200000000048	1.7236	1.552
3.3199999999999985	0.0896	2.152400000000008	0.9772	1.4184
3.3299999999999983	0.4736	0.911599999999986	0.976	1.6384
3.3399999999999985	0.9344	0.3193599999999982	1.07	1.3408
3.3499999999999983	0.6272	1.1295200000000005	1.78	0.608
3.3599999999999985	-0.0512	1.7426399999999969	1.848	1.0112
3.3699999999999983	1.4336	0.4128000000000011	1.454	1.4536
3.3799999999999986	0.4896	1.7684000000000006	0.8828	1.3752
3.3899999999999983	0.3072	1.044240000000002	1.6944	1.5376
3.3999999999999986	0.544	0.5205600000000035	1.2844	0.9992
3.4099999999999984	0.6848	1.4197599999999968	1.5204	1.804
3.4199999999999986	0.3904	1.5720800000000021	0.9352	0.9552
3.4299999999999984	1.376	1.7342399999999987	1.498	1.2168
3.4399999999999986	0.6464	0.7745600000000017	1.27	1.1304
3.4499999999999984	1.0496	0.5012000000000006	1.7268	0.5736
3.4599999999999986	0.7616	1.2980000000000043	2.302	1.4104
3.4699999999999984	1.0176	1.0031200000000038	2.4108	1.4928
3.479999999999998	0.8	0.9890399999999945	1.6536	1.3488
3.4899999999999984	0.6272	1.188559999999994	1.2816	1.4208
3.4999999999999982	1.4592	1.0649599999999881	0.8656	1.3168
3.5099999999999985	1.0112	-0.41511999999999943	1.822	1.2616
3.5199999999999982	0.96	0.5928000000000012	0.9852	1.1192
3.5299999999999985	0.848	1.4103199999999976	1.1708	1.4784
3.5399999999999983	1.152	0.7281599999999983	1.3208	1.2432
3.5499999999999985	1.0368	1.176880000000001	1.492	1.3336
3.5599999999999983	-0.352	0.47664000000000106	2.4712	1.808
3.5699999999999985	0.9664	1.2165600000000016	1.0316	1.3392
3.5799999999999983	0.1472	1.0350399999999962	1.126	0.5648
3.5899999999999985	0.64	0.5531200000000038	1.256	0.9704
3.5999999999999983	0.6144	0.2580799999999998	1.0812	0.9016
3.6099999999999985	0.8512	1.0918399999999973	0.7636	1.0184
3.6199999999999983	0.0512	0.894719999999999	1.4296	1.1288
3.629999999999998	-0.0128	0.5878399999999997	1.146	1.5448
3.6399999999999983	0.1216	0.32568000000000064	1.1248	0.9088
3.649999999999998	-0.128	1.1954399999999974	1.2616	1.1448
3.6599999999999984	0.3648	0.7118400000000012	1.1588	0.7232
3.669999999999998	0.4288	0.527760000000011	0.8924	0.9688
3.6799999999999984	0.2176	1.2164799999999902	1.1748	1.5928
3.689999999999998	0.7424	0.7151999999999943	1.7652	0.9232
3.6999999999999984	1.0944	0.8971999999999886	0.91	0.8336
3.709999999999998	0.4096	0.9501600000000013	1.7196	0.6544
3.7199999999999984	0.9344	0.5406400000000059	1.1408	1.4424
3.729999999999998	0.1152	0.6120799999999995	1.0148	1.9136
3.7399999999999984	0.1216	0.6607199999999951	1.0476	1.2696
3.7499999999999982	0.8192	0.8285600000000044	0.528	0.9736
3.7599999999999985	-0.0128	0.9412800000000056	1.0288	0.948
3.7699999999999982	-0.3968	1.1753599999999949	0.9864	1.5352
3.779999999999998	1.0688	0.4552800000000003	1.3832	1.3256
3.7899999999999983	1.1712	1.0583199999999913	1.4616	1.0208
3.799999999999998	1.2032	0.7563199999999997	1.3936	0.6688
3.8099999999999983	1.024	0.9444000000000111	1.1352	0.5008
3.819999999999998	0.2432	0.8412800000000027	0.6508	1.3984
3.8299999999999983	0.4992	1.0940000000000054	0.7128	0.8608
3.839999999999998	1.1264	1.1175199999999996	1.5348	0.8648
3.8499999999999983	-0.064	0.5777599999999978	1.4736	1.3288
3.859999999999998	0.1088	0.7156799999999942	1.3948	1.3488
3.8699999999999983	-0.6016	0.31920000000000137	2.286	0.9248
3.879999999999998	0.384	1.9507199999999925	1.1828	1.7648
3.8899999999999983	0.7424	0.4377600000000009	1.2288	0.82
3.899999999999998	0.3584	2.1155200000000036	1.4316	0.8624
3.9099999999999984	0.5376	1.256240000000007	0.8516	0.7056
3.919999999999998	0.4928	0.7454400000000009	1.2836	1.212
3.9299999999999984	0.4864	0.8272000000000005	1.4912	0.8328
3.939999999999998	0.7616	1.0638399999999963	1.4456	0.5136
3.949999999999998	-0.0064	0.9065600000000064	1.0488	1.584
3.959999999999998	0.8704	0.7848799999999944	0.816	0.7752
3.969999999999998	0.48	0.8611199999999957	0.6052	0.8096
3.979999999999998	-0.4096	1.2919199999999949	1.0368	1.0104
3.989999999999998	0.6592	0.1786400000000015	0.58	1.1512
3.9999999999999982	0.2368	0.5573600000000014	2.0024	1.0528
4.009999999999998	-0.3072	0.9512799999999947	1.0	1.0712
4.019999999999998	0.4736	1.448400000000001	0.7132	0.6816
4.029999999999998	0.0352	-0.30896000000000146	1.0904	1.0512
4.039999999999998	-0.2752	0.1004799999999998	1.2532	1.2488
4.049999999999998	0.5888	0.1413599999999989	1.0596	0.6176
4.059999999999998	1.1904	0.7565599999999961	1.0664	0.7568
4.069999999999998	0.5376	-0.03775999999999957	1.2752	1.1184
4.079999999999998	-0.1728	0.5734399999999993	0.8824	1.4728
4.089999999999998	0.3072	1.051599999999997	0.9792	0.5688
4.099999999999998	0.7584	-0.12335999999999919	0.4348	1.1432
4.109999999999998	-0.0448	0.9407999999999985	1.5168	1.0608
4.119999999999997	0.0512	0.6973599999999986	1.3168	1.0528
4.129999999999997	0.2816	0.7649600000000036	0.586	0.2984
4.139999999999998	0.064	0.48207999999999984	0.4052	1.0784
4.149999999999998	-0.0704	0.6508799999999996	1.0496	1.0376
4.1599999999999975	-0.416	0.998480000000001	1.1612	1.416
4.169999999999997	0.3776	0.8354399999999922	0.6472	0.9624
4.179999999999998	-0.0448	0.6367999999999965	0.7768	0.6784
4.189999999999998	0.1984	0.11512000000000037	1.138	1.1336
4.1999999999999975	0.3328	-0.6333600000000017	0.4128	0.9288
4.209999999999997	-0.992	-0.22367999999999952	0.9124	0.2776
4.219999999999998	-0.1408	1.0991999999999973	0.5524	1.116
4.229999999999998	-0.5504	0.29983999999999955	0.5888	0.8928
4.2399999999999975	0.4864	0.3847200000000009	0.5748	0.9024
4.249999999999997	-0.6912	0.6511999999999992	0.4032	1.14
4.259999999999998	-0.1152	-0.3252000000000004	-0.0908	1.1008
4.269999999999998	-0.1472	0.3504000000000007	0.426	0.6304
4.279999999999998	0.6272	0.3908000000000032	0.2788	0.7176
4.289999999999997	-0.5184	-0.43272	1.1656	0.3024
4.299999999999997	0.3968	-0.0024000000000001394	0.3748	1.0152
4.309999999999998	-0.0448	-0.33400000000000024	1.5032	0.5472
4.319999999999998	0.16	-0.14671999999999916	0.6032	0.7504
4.329999999999997	0.4672	0.4426400000000007	0.7832	0.6088
4.339999999999997	-0.4608	0.1363200000000016	0.3128	0.4016
4.349999999999998	0.576	0.4566400000000037	0.486	0.148
4.359999999999998	0.1888	-0.3587199999999997	0.4536	0.3912
4.369999999999997	-0.1344	-0.2151199999999992	0.748	-0.1856
4.379999999999997	-0.864	0.6394400000000039	0.2268	0.8872
4.389999999999998	-0.8832	-0.09656000000000033	-0.0244	-0.0248
4.399999999999998	-0.1088	0.06039999999999949	0.9916	0.6048
4.4099999999999975	-0.4736	0.5604800000000049	0.3796	0.5056
4.419999999999997	-0.0384	0.10119999999999856	0.9724	0.396
4.429999999999997	-0.9792	0.6260800000000006	0.5728	0.9016
4.439999999999998	0.1152	0.3904800000000017	0.8148	0.8784
4.4499999999999975	-0.8576	-0.5495200000000011	1.0844	0.3472
4.459999999999997	0.0256	-0.34439999999999843	0.5516	1.164
4.469999999999997	0.1408	0.7848800000000007	0.8296	0.492
4.479999999999998	-0.2432	-0.5728799999999946	0.5132	0.5272
4.4899999999999975	-0.5504	0.7196800000000043	0.4996	0.3216
4.499999999999997	-0.4288	0.1573600000000033	0.0804	1.0792
4.509999999999997	-0.2752	0.32511999999999974	0.9448	1.0496
4.519999999999998	-0.4288	0.024400000000001098	0.244	1.092
4.529999999999998	-0.0576	0.1801599999999981	0.8196	1.2936
4.539999999999997	-0.5504	0.5392000000000035	0.5684	0.2456
4.549999999999997	0.5504	-0.6925600000000033	0.4192	1.0992
4.559999999999998	-0.3136	0.24543999999999852	0.8912	1.1016
4.569999999999998	-0.5312	0.7585599999999939	0.6304	0.6128
4.579999999999997	0.0384	0.6740800000000008	0.572	0.3888
4.589999999999997	0.1344	-0.42103999999999986	0.612	0.1208
4.599999999999997	-0.6336	0.325840000000001	0.9932	1.0904
4.609999999999998	0.1792	-0.6544799999999997	1.2124	1.1696
4.619999999999997	-0.5376	0.026400000000000267	1.0232	0.1648
4.629999999999997	-0.1728	-0.1894399999999996	0.7376	0.7512
4.639999999999997	-0.2304	-0.14896000000000084	1.9764	0.5648
4.649999999999998	-0.704	-0.18295999999999807	1.0164	0.7424
4.6599999999999975	-0.3904	-0.09511999999999982	0.9364	0.548
4.669999999999997	-0.7936	-0.10887999999999974	0.6044	0.5264
4.679999999999997	-0.4928	-0.5722399999999972	0.214	0.5416
4.689999999999998	-0.2688	-0.40824000000000155	0.3044	1.1112
4.6999999999999975	0.4032	-0.5265599999999937	1.3132	0.3064
4.709999999999997	-0.1216	0.015119999999999734	0.182	0.4192
4.719999999999997	-0.8384	0.6888800000000006	-0.444	0.7864
4.729999999999998	0.0896	0.35671999999999904	0.6372	0.5088
4.7399999999999975	-0.0256	-0.5444799999999972	0.8452	0.5552
4.749999999999997	-0.0896	0.27416000000000096	0.1316	0.6816
4.759999999999997	-0.3072	-0.2189599999999999	0.284	0.2768
4.769999999999997	-0.384	0.13032000000000032	0.1172	0.9352
4.779999999999998	-0.448	0.09336000000000096	0.9508	0.5104
4.789999999999997	-0.544	-0.16280000000000056	1.0288	0.46
4.799999999999997	0.3584	-0.26064000000000054	0.2376	0.0712
4.809999999999997	-1.056	-0.06319999999999927	0.5152	0.4384
4.819999999999998	-0.32	-0.35119999999999824	-0.3536	0.4992
4.829999999999997	-0.6272	-0.6779200000000023	-0.538	0.896
4.839999999999997	-0.2368	-0.5539200000000023	-0.2064	0.52
4.849999999999997	-1.1904	-0.2531199999999989	1.3956	0.6296
4.859999999999998	-0.4864	0.13856000000000024	-0.3536	0.0696
4.869999999999997	-0.0512	0.5636000000000018	0.4648	0.2728
4.879999999999997	-0.0256	-0.8026399999999965	0.4996	0.3552
4.889999999999997	-0.1728	0.3102400000000026	0.5096	0.4056
4.899999999999997	0.1216	-0.4973599999999996	-0.2028	0.0272
4.9099999999999975	-0.1792	0.14192000000000038	0.5616	0.3352
4.919999999999997	-0.3008	-1.0942400000000085	0.3408	0.0496
4.929999999999997	-0.2752	0.11792000000000019	0.3972	0.3664
4.939999999999997	-0.5504	-0.1800000000000001	1.0904	1.0384
4.9499999999999975	-0.4736	0.12743999999999822	0.6732	0.9824
4.959999999999997	-1.1328	-0.08960000000000029	0.4216	0.364
4.969999999999997	-0.8448	-0.6587999999999985	-0.1304	0.5264
4.979999999999997	-0.8704	0.2987200000000002	0.4272	0.3944
4.9899999999999975	-0.928	0.4832000000000026	0.9304	0.4352
4.999999999999997	0.2496	-0.1685599999999997	0.7868	0.9
5.009999999999997	-0.2368	-0.39207999999999904	0.776	0.6592
5.019999999999997	-0.3584	-0.5953599999999972	0.3876	0.5368
5.029999999999998	-0.4608	-0.5303199999999938	0.3468	0.5408
5.039999999999997	-0.848	0.22896000000000066	0.4984	0.1968
5.049999999999997	-0.4992	-0.44904000000000033	-0.0656	0.244
5.059999999999997	-0.2816	-0.04672000000000008	-0.076	0.7224
5.069999999999997	-0.3584	-0.607520000000005	0.7148	0.0
5.079999999999997	-1.1584	-0.4871199999999989	-0.454	0.5896
5.089999999999997	-0.192	0.006479999999998893	0.3296	0.1032
5.099999999999997	-0.0896	-0.3574400000000019	0.8784	0.604
5.109999999999997	-0.192	-0.2711199999999981	-0.2332	0.628
5.119999999999997	-0.608	0.7728799999999995	0.148	0.2344
5.129999999999997	-0.8544	0.5482399999999983	-0.3476	0.4632
5.139999999999997	-0.5056	0.6593599999999961	0.2264	0.616
5.149999999999997	-0.2112	0.7845600000000008	0.0284	0.116
5.1599999999999975	-0.9152	-0.465280000000004	0.2068	0.3472
5.169999999999997	-0.8128	0.13400000000000004	-0.2908	0.5496
5.179999999999997	-0.0832	-1.0009600000000074	0.368	0.0944
5.189999999999997	-0.416	-0.014559999999999988	0.7192	0.3352
5.1999999999999975	-1.216	0.12999999999999962	0.1544	0.668
5.209999999999997	-0.7168	-0.25431999999999816	-0.0592	0.58
5.219999999999997	-0.4608	-0.35911999999999855	0.3028	0.4088
5.229999999999997	-0.9152	0.11120000000000013	0.5436	0.2592
5.239999999999997	-0.8128	-0.44016000000000205	0.26	0.4384
5.249999999999997	-0.544	-0.592719999999997	-0.2344	0.2016
5.259999999999997	-1.2416	-0.29639999999999966	0.1476	0.7016
5.269999999999997	-0.9472	-0.3201600000000005	-0.2544	0.268
5.279999999999997	-1.1648	-0.5845600000000021	-0.34	0.9384
5.289999999999997	-0.2112	-0.14016000000000048	0.1468	0.2952
5.299999999999997	-1.248	-0.2540799999999988	0.5396	-0.2552
5.309999999999997	-0.6976	0.21096000000000045	-0.3688	0.5488
5.319999999999997	-0.2688	0.37023999999999946	-0.314	-0.0704
5.329999999999997	-0.9088	0.4172800000000011	-0.5536	0.6696
5.339999999999997	-0.9664	0.6871999999999955	0.612	0.3416
5.349999999999997	-0.992	-0.7419999999999997	-0.9588	0.7896
5.359999999999997	-1.152	-0.17776000000000267	0.0388	0.0896
5.369999999999997	-0.2496	-0.5864800000000003	-0.1328	0.5536
5.379999999999997	-1.2864	-0.8279200000000007	-0.0008	0.3888
5.389999999999997	-0.8192	-0.9020799999999956	0.36	0.304
5.399999999999997	-0.5984	-0.39311999999999914	0.3812	0.4312
5.409999999999997	-1.12	0.21535999999999786	0.1856	-0.2032
5.419999999999997	-0.9216	-0.4616800000000002	-0.2272	0.34
5.429999999999997	0.0	-0.49880000000000047	-0.0924	0.1488
5.439999999999997	-1.056	-1.11632000000001	0.4604	0.6392
5.449999999999997	-0.7296	-1.146319999999995	-0.2432	0.4008
5.459999999999997	-1.3632	-0.6070400000000028	0.2772	0.6272
5.469999999999997	-0.576	-0.14319999999999938	0.0988	0.216
5.479999999999997	-1.0112	-0.5431999999999949	0.2452	0.3256
5.489999999999997	-1.0816	-0.09799999999999949	-0.8156	0.7632
5.499999999999997	-1.4144	0.2754400000000008	-0.4208	-0.1056
5.509999999999997	0.416	0.3439200000000015	0.1528	0.3192
5.519999999999997	-1.5936	-0.13575999999999935	0.146	0.5472
5.529999999999997	-0.1856	-1.2111999999999965	0.026	-0.0968
5.539999999999997	-0.9152	-0.5020000000000017	0.58	-0.156
5.549999999999997	-1.4912	-0.23208000000000148	0.136	0.1904
5.559999999999997	-0.7488	0.15224000000000038	0.1816	-0.18
5.569999999999997	-0.8192	-0.7334400000000006	-0.232	-0.0248
5.5799999999999965	-0.6464	-0.5216800000000001	0.1232	-0.1496
5.589999999999997	-0.416	-0.9742399999999923	0.2176	-0.2888
5.599999999999997	-0.6656	-0.96536	0.2592	-0.7952
5.609999999999997	-1.3952	0.0003200000000002642	0.3524	0.0144
5.6199999999999966	-0.736	-0.6445600000000006	-0.5876	0.3704
5.629999999999997	-0.6336	-1.1277599999999812	-0.4896	0.3528
5.639999999999997	-1.2224	-0.41991999999999896	0.2244	0.3704
5.649999999999997	-0.1728	-1.2423200000000159	0.3488	0.0088
5.659999999999997	-1.2416	-1.5227199999999992	-0.1168	-0.3736
5.669999999999997	-1.6896	-0.28871999999999987	0.0364	1.0184
5.679999999999997	0.0	-0.2869599999999996	-0.1704	0.48
5.689999999999997	-0.16	-0.35624000000000045	1.1572	0.012
5.699999999999997	-1.76	-0.3134400000000009	-0.2328	-0.2008
5.709999999999996	-0.8896	-0.22927999999999937	0.174	-0.1432
5.719999999999997	-1.3888	-0.2012000000000016	-0.2548	0.3232
5.729999999999997	-0.48	0.17872000000000454	0.2944	-0.4248
5.739999999999997	-1.7856	-0.24240000000000014	-0.3972	0.5208
5.7499999999999964	-0.1152	-0.22463999999999915	-0.0728	0.0
5.759999999999997	-1.8112	0.05663999999999985	-0.4948	0.8552
5.769999999999997	-1.12	-0.541280000000001	-0.2744	0.6008
5.779999999999997	-1.0176	-1.42407999999999	0.9892	0.264
5.7899999999999965	-0.0512	-0.8748799999999984	-0.6092	0.064
5.799999999999997	-0.48	-1.108719999999998	-1.4936	0.7488
5.809999999999997	-1.4848	-0.3404000000000012	-0.0944	0.2536
5.819999999999997	-0.832	-1.1562399999999862	-0.16	-0.2648
5.8299999999999965	-0.7488	-1.1020799999999953	-0.684	0.0992
5.839999999999997	-0.7296	-0.27904000000000034	0.3384	0.5576
5.849999999999997	-1.1712	-0.4357600000000005	-0.5968	-0.2304
5.859999999999997	-1.2928	-0.7490400000000076	-0.1104	0.1688
5.8699999999999966	-0.6464	-1.243999999999997	-1.0788	-0.5464
5.879999999999996	-1.5488	-0.8082399999999947	-0.2584	0.5792
5.889999999999997	-1.1136	0.27543999999999735	-0.186	0.1768
5.899999999999997	-1.0496	-0.7572000000000029	0.3252	0.4712
5.909999999999997	-1.0944	-0.7358400000000119	-0.472	0.4472
5.919999999999996	-0.8384	-0.6774399999999873	-0.0652	0.0904
5.929999999999997	-1.2288	-0.8913600000000038	-0.35	-0.4328
5.939999999999997	-1.1264	-0.9340800000000083	0.0484	0.8208
5.949999999999997	-0.7936	-0.30088000000000137	-0.51	0.4968
5.959999999999996	-0.1024	0.15664000000000083	-0.6316	0.092
5.969999999999997	-0.9088	-0.8220800000000025	-1.428	-0.4608
5.979999999999997	-1.1072	-1.1268800000000039	0.1928	0.0408
5.989999999999997	-0.6912	-0.7662400000000039	-0.5284	-0.1304
5.9999999999999964	-0.7872	-0.050159999999999795	1.0964	0.5472
6.009999999999997	-0.3392	-0.8717599999999976	-0.032	0.196
6.019999999999997	-0.7808	-0.6623999999999929	-1.0256	-0.0128
6.029999999999997	-0.672	-0.680719999999991	0.132	-0.0496
6.0399999999999965	-1.0464	-0.5792799999999958	0.22	0.3424
6.049999999999996	-0.192	-1.5298399999999934	-0.1652	-0.2592
6.059999999999997	-0.5504	-0.19719999999999982	-0.6744	0.044
6.069999999999997	-0.6912	-0.8070399999999915	0.5216	0.1896
6.0799999999999965	-0.9024	-0.8427199999999911	-0.4016	-0.2544
6.089999999999996	-0.736	-1.6529599999999969	-0.7068	-0.3424
6.099999999999997	-1.024	-0.4877599999999993	-0.5556	0.152
6.109999999999997	-1.2608	-0.8281599999999997	-0.3156	-0.3648
6.1199999999999966	-1.7664	-0.7327199999999954	0.074	-0.3176
6.129999999999996	-1.4528	-1.3264800000000017	-0.47	-0.1728
6.139999999999997	-0.9728	-1.123680000000009	-0.3904	0.256
6.149999999999997	-0.9728	-1.037840000000005	-0.818	0.3008
6.159999999999997	-1.2352	-1.295999999999997	-0.2668	0.4072
6.169999999999996	-0.7552	-0.5076800000000018	-0.2092	0.1504
6.179999999999996	-1.1072	-0.3854400000000014	-0.8848	0.2472
6.189999999999997	-0.4928	-0.9982400000000146	0.0732	0.5568
6.199999999999997	-0.7936	-0.9284000000000074	-0.6372	-0.5072
6.209999999999996	-1.2416	-0.9121599999999964	-0.2332	-0.0424
6.219999999999996	-1.1968	-0.3677599999999977	-0.1508	0.6008
6.229999999999997	-0.576	-0.22488000000000002	-1.456	-0.1576
6.239999999999997	-0.9088	-1.0453599999999998	-0.2584	-0.2712
6.2499999999999964	-1.3888	-0.8601599999999943	0.8696	0.3472
6.259999999999996	-1.2736	-1.0720799999999964	-0.402	0.4352
6.269999999999997	-0.9984	-0.8260800000000023	-0.1868	-0.2376
6.279999999999997	-1.0688	-0.5565600000000024	-0.4532	-0.0744
6.2899999999999965	-1.9264	-0.9449599999999989	-0.6828	0.4896
6.299999999999996	-1.3504	-1.12376000000001	0.542	-0.1376
6.309999999999997	-1.3184	-0.7726399999999961	0.4548	-0.356
6.319999999999997	-1.2544	-0.5132799999999986	-0.0536	-0.4168
6.3299999999999965	-0.9408	-0.8468000000000002	-0.8024	0.5104
6.339999999999996	-0.5632	-1.3911199999999975	-0.3512	-0.2056
6.349999999999996	-1.2416	-1.099759999999995	-0.4888	-0.1024
6.359999999999997	-1.1584	-1.2261599999999946	0.5444	0.0232
6.3699999999999966	-1.088	-1.1404000000000025	-0.9448	0.2192
6.379999999999996	-0.8256	-0.4292000000000018	-0.542	0.1648
6.389999999999996	-0.7552	-1.1031199999999985	-0.7624	0.1752
6.399999999999997	-1.92	-0.7048000000000013	0.0892	-0.3328
6.409999999999997	-0.9152	-0.9164800000000057	-0.3664	-0.124
6.419999999999996	-1.1776	-1.8628000000000047	-0.2568	0.268
6.429999999999996	-1.0304	-1.0796000000000043	-0.3396	0.0624
6.439999999999997	-1.3952	-0.8616799999999938	-0.0608	-0.468
6.449999999999997	-0.2752	-0.03831999999999958	-0.5996	0.0232
6.459999999999996	-0.9472	-1.0135199999999989	0.2256	0.0216
6.469999999999996	-0.7552	-0.07119999999999982	-0.9032	-0.4968
6.479999999999997	-0.8256	0.067280000000001	0.768	-0.7616
6.489999999999997	-0.5504	-1.415440000000015	-0.5384	-0.3368
6.4999999999999964	-1.1968	-1.1412799999999865	-0.298	0.1312
6.509999999999996	-1.7536	-1.3239200000000018	-1.0512	-0.1
6.519999999999996	-1.4528	-0.8128000000000006	-0.0136	-0.1392
6.529999999999997	-1.4144	-0.8855199999999964	-0.6852	0.2112
6.5399999999999965	-0.6688	-1.3707199999999902	-0.5584	-0.2688
6.549999999999996	-1.4656	-0.4927999999999973	-0.2448	0.1144
6.559999999999996	-0.7776	-0.726960000000008	-0.2712	-0.096
6.569999999999997	-1.4336	-0.375200000000001	-0.3956	-0.1448
6.5799999999999965	-0.8128	-0.3288000000000007	-1.266	0.2768
6.589999999999996	-1.12	-1.3969600000000082	-1.3492	-0.2672
6.599999999999996	-1.1008	-1.3854399999999858	-0.998	-0.0512
6.609999999999997	-1.5552	-0.8642399999999925	0.3612	0.196
6.6199999999999966	-1.0496	-1.4016799999999916	-0.4556	0.0016
6.629999999999996	-0.608	-1.2916000000000056	-0.3752	-0.22
6.639999999999996	-0.576	-0.7871999999999872	-0.766	0.1296
6.649999999999997	-1.184	-1.3187199999999883	-0.7432	-0.0936
6.659999999999997	-2.1056	-1.5053599999999736	-0.2556	0.0464
6.669999999999996	-0.6912	-0.7492800000000015	-0.3912	0.1136
6.679999999999996	-1.8496	-1.4574400000000005	-0.1384	-0.2168
6.689999999999996	-1.5616	-0.6171200000000017	-0.45	0.476
6.699999999999997	-0.8832	-1.112239999999993	-1.006	-0.0152
6.709999999999996	-1.536	-1.0187199999999956	0.274	-0.5328
6.719999999999996	-1.9072	-1.1563200000000033	-0.6912	-0.3096
6.729999999999996	-1.4144	-0.8694400000000034	-1.3164	-0.348
6.739999999999997	-1.1136	-0.9103199999999986	-0.7188	-0.2688
6.7499999999999964	-1.7664	-0.7392000000000027	-0.6368	-0.704
6.759999999999996	-1.2192	-1.0945599999999978	-0.5216	-0.2512
6.769999999999996	-1.2032	-0.8058400000000112	-1.0388	-0.4976
6.779999999999997	-1.2608	-1.1324000000000012	-0.276	-0.4624
6.7899999999999965	-1.44	-1.2222399999999953	-0.6816	0.1648
6.799999999999996	-1.2416	-0.8130400000000023	-0.4392	-0.5832
6.809999999999996	-1.6128	-0.7004799999999994	0.1676	-0.2816
6.819999999999997	-1.0368	-1.6710399999999852	-0.5192	-0.3408
6.8299999999999965	-1.184	-0.42224000000000067	-0.8064	-0.1944
6.839999999999996	-1.1264	-1.6235200000000145	-1.2572	-0.6784
6.849999999999996	-1.7152	-1.125999999999996	-0.3288	-0.0704
6.859999999999996	-1.0944	-0.5971200000000019	-0.4744	-0.2648
6.8699999999999966	-1.9392	-1.3412799999999891	-0.318	-0.0296
6.879999999999996	-0.9664	-0.3928000000000002	-1.1432	-0.3728
6.889999999999996	-0.8256	-0.2807199999999992	-0.3792	-0.3824
6.899999999999996	-1.4336	-1.0348800000000045	-0.4348	-0.328
6.909999999999997	-1.9904	-1.0383999999999949	-0.7312	0.084
6.919999999999996	-1.888	-0.9680800000000023	0.2396	-0.5472
6.929999999999996	-1.152	-0.682159999999995	0.158	0.012
6.939999999999996	-2.1056	-2.0838399999999915	-0.7096	0.0856
6.949999999999997	-1.2928	-0.9773599999999919	-0.2676	-0.592
6.959999999999996	-1.5808	-1.2889600000000003	-0.62	-0.2808
6.969999999999996	-1.0656	-1.1614399999999925	-0.484	-0.3824
6.979999999999996	-1.2864	-1.0319199999999944	-0.1964	-0.104
6.989999999999996	-2.0288	-1.100160000000003	-0.4284	-1.3472
6.9999999999999964	-1.5232	-1.1887199999999933	-0.2656	-0.2768
7.009999999999996	-0.704	-1.3419999999999888	-0.5456	0.404
7.019999999999996	-1.1712	-1.0464799999999927	-0.3464	-0.6704
7.029999999999996	-0.9344	-0.20511999999999986	-1.048	-0.4272
7.0399999999999965	-1.3632	-0.8871999999999911	-0.5904	-0.5312
7.049999999999996	-1.4976	-1.5912799999999945	0.0668	-0.3464
7.059999999999996	-0.4352	-1.5587199999999817	-0.7872	-0.332
7.069999999999996	-1.4464	-1.6114400000000078	-0.3916	-0.3144
7.0799999999999965	-1.1072	-0.9293599999999961	-0.5336	-0.368
7.089999999999996	-1.3312	-0.8304000000000041	-0.1932	-0.324
7.099999999999996	-1.3632	-1.081840000000001	-0.8792	-0.5648
7.109999999999996	-1.2096	-0.9064800000000052	-0.7204	0.0672
7.1199999999999966	-1.1904	-0.8440800000000063	-0.5536	-0.2904
7.129999999999996	-1.088	-1.7135200000000208	-0.1568	-0.2896
7.139999999999996	-1.7984	-0.5258399999999966	-1.1744	-0.2976
7.149999999999996	-2.1184	-1.7499199999999981	-1.2072	0.0864
7.159999999999996	-1.7216	-0.43392000000000197	0.0052	-0.6432
7.169999999999996	-1.3248	-0.3997599999999992	-0.5404	-0.8232
7.179999999999996	-1.5104	-1.1993599999999827	-0.4984	-0.7992
7.189999999999996	-0.8256	-1.2153600000000098	-0.3364	-0.696
7.199999999999996	-1.504	-1.5032799999999866	-0.5344	-0.1176
7.209999999999996	-1.3216	-0.25983999999999985	-1.322	0.0016
7.219999999999996	-1.1456	-1.7559200000000001	-1.0012	-0.3952
7.229999999999996	-1.8432	-0.9671200000000033	-1.5432	-0.396
7.239999999999996	-0.8256	-0.9384800000000004	-0.5092	-0.1904
7.2499999999999964	-0.9024	-1.5288800000000058	-1.0988	-0.5464
7.259999999999996	-1.7664	-1.0511200000000076	-0.216	-0.004
7.269999999999996	-1.5936	-1.7814400000000057	-0.534	-0.0064
7.279999999999996	-1.2288	-1.70855999999999	-0.4704	0.0128
7.2899999999999965	-1.4144	-1.186479999999993	-0.722	-0.2304
7.299999999999996	-1.9264	-1.3348000000000064	-0.5188	-0.4504
7.309999999999996	-1.792	-1.6301600000000138	-0.1824	-0.0464
7.319999999999996	-1.2608	-1.4569600000000078	-0.9972	-0.3832
7.329999999999996	-1.8944	-1.466080000000016	-0.7396	-0.1568
7.339999999999996	-1.7152	-1.1545599999999925	-1.4904	0.0576
7.349999999999996	-1.8176	-0.8771200000000097	-1.2548	-0.6256
7.359999999999996	-1.536	-1.6238399999999784	-0.728	-0.3808
7.369999999999996	-1.4208	-0.3319199999999998	-1.5948	-0.6608
7.379999999999996	-1.504	-1.7642400000000182	-0.6484	-0.4144
7.389999999999996	-1.312	-1.4142400000000108	-1.1844	-0.5128
7.399999999999996	-2.0224	-2.198720000000014	-0.5404	-0.1896
7.409999999999996	-1.7536	-1.1890400000000008	-0.8972	-0.5224
7.419999999999996	-2.2784	-1.6552800000000072	-0.7808	-0.5904
7.429999999999996	-0.896	-0.7865599999999998	-1.43	-0.9416
7.439999999999996	-1.3952	-1.599759999999998	-0.772	-0.3
7.449999999999996	-1.0752	-1.214160000000003	-0.4816	-0.6216
7.4599999999999955	-1.696	-1.2331200000000029	-0.2144	-0.2144
7.469999999999996	-1.1904	-1.3591200000000074	-0.73	-0.5672
7.479999999999996	-1.9392	-0.8640000000000034	-0.4812	-0.9544
7.489999999999996	-1.792	-2.231040000000011	-0.7776	0.0776
7.499999999999996	-1.344	-0.47503999999999913	-0.7852	-0.6936
7.509999999999996	-1.4976	-1.5703199999999942	-0.5344	-0.4584
7.519999999999996	-1.7856	-0.9860000000000037	-1.0732	-1.0232
7.529999999999996	-1.5872	-2.027039999999998	-1.1212	-0.4664
7.539999999999996	-1.8688	-1.8050400000000026	-0.796	-0.6968
7.549999999999996	-1.1392	-1.406880000000001	-1.0624	-0.232
7.559999999999996	-2.1376	-1.430320000000004	-0.6888	-0.8704
7.569999999999996	-1.728	-1.3947199999999924	0.1188	-0.4728
7.579999999999996	-1.0368	-1.2925600000000015	-0.812	-0.3648
7.589999999999996	-1.1616	-0.7938399999999988	-0.9324	-0.6928
7.599999999999996	-1.0944	-1.5578399999999968	-1.7296	-1.1192
7.609999999999996	-1.8624	-1.4646400000000033	-0.5644	-0.6104
7.619999999999996	-2.1248	-1.4528799999999946	-1.302	-0.1808
7.6299999999999955	-1.6672	-1.1627999999999958	-0.7488	-0.4776
7.639999999999996	-1.3696	-1.470160000000004	-0.874	-0.3176
7.649999999999996	-1.4336	-1.1659999999999993	-1.2432	-0.8872
7.659999999999996	-1.5616	-1.4939200000000092	-0.6172	-0.1672
7.6699999999999955	-1.504	-1.6135999999999797	-0.0756	-0.4872
7.679999999999996	-1.6768	-1.6741599999999943	-0.8148	-1.1264
7.689999999999996	-1.8816	-1.2339200000000068	-0.4556	-0.02
7.699999999999996	-1.4272	-1.4605600000000063	-0.982	-0.4576
7.7099999999999955	-2.2976	-1.273119999999988	-0.8584	-0.9512
7.719999999999996	-1.9264	-0.7191199999999984	-0.7168	0.1712
7.729999999999996	-1.7856	-1.2511999999999863	-1.34	-0.7648
7.739999999999996	-1.6576	-1.4324000000000023	-1.5268	-0.6328
7.749999999999996	-1.2224	-1.568719999999996	-1.1596	-0.8928
7.759999999999996	-0.7744	-0.8244	-1.5408	-0.7232
7.769999999999996	-2.1568	-1.4930400000000157	-1.5808	-0.4768
7.779999999999996	-1.0304	-1.0017599999999989	-0.1652	-0.3624
7.789999999999996	-1.0816	-1.6292800000000014	-1.1768	-0.8664
7.799999999999995	-1.3568	-1.3738399999999997	-1.1376	-0.5464
7.809999999999996	-1.4016	-1.1689600000000047	-0.7736	-0.752
7.819999999999996	-1.6	-1.5219199999999982	-0.6988	-0.6024
7.829999999999996	-2.6752	-0.7179200000000002	-1.0464	-0.088
7.839999999999995	-1.6448	-1.8216799999999806	-0.9264	-0.6976
7.849999999999996	-1.376	-1.0597599999999934	-0.3536	-0.804
7.859999999999996	-1.28	-1.6588800000000017	-0.5712	-1.3968
7.869999999999996	-1.9136	-1.111199999999991	-1.1928	-0.4216
7.8799999999999955	-1.6384	-1.486560000000002	-1.01	-0.7192
7.889999999999996	-1.6384	-1.2880000000000134	-0.1544	-0.0424
7.899999999999996	-1.6064	-0.860880000000011	-1.0768	-0.9336
7.909999999999996	-1.504	-1.6064799999999868	-1.4808	-0.9552
7.9199999999999955	-1.2992	-1.037600000000009	-0.4188	-0.4864
7.929999999999996	-1.4592	-0.4405599999999994	-0.326	-0.4728
7.939999999999996	-1.7728	-0.8309600000000006	-1.288	-0.1552
7.949999999999996	-1.1392	-1.1516799999999934	-0.8608	-0.6888
7.9599999999999955	-1.0496	-0.9860000000000029	-0.6784	-0.7376
7.969999999999995	-1.3888	-1.2088800000000024	-0.8892	-0.3168
7.979999999999996	-1.7664	-2.180480000000006	-0.7308	-0.884
7.989999999999996	-1.8944	-0.8347200000000062	-0.53	-0.5016
7.999999999999996	-1.6512	-1.412560000000012	-1.1888	0.3552
8.009999999999996	-1.9456	-1.3151200000000023	-0.6964	-0.172
8.019999999999996	-1.728	-1.4272000000000125	-0.838	-0.4272
8.029999999999996	-2.3936	-1.136400000000007	-0.2424	-0.5408
8.039999999999996	-1.6896	-2.0584799999999857	-0.6912	-0.6688
8.049999999999995	-1.2224	-0.8797599999999942	-0.6492	-0.4112
8.059999999999997	-1.9584	-1.031840000000011	-1.0412	-0.1216
8.069999999999997	-1.344	-0.1286399999999999	-0.7696	-0.6872
8.079999999999997	-1.1584	-1.4692800000000106	-1.118	-0.044
8.089999999999996	-1.6832	-1.2520000000000084	-1.3572	-0.7704
8.099999999999996	-1.7216	-1.634000000000009	-1.5348	-0.1272
8.109999999999996	-1.5872	-1.5567200000000179	-0.2664	-0.4272
8.119999999999996	-1.4976	-1.956720000000017	-1.2408	-0.4928
8.129999999999995	-1.8688	-0.9117600000000059	-0.358	-1.028
8.139999999999995	-1.8176	-1.3663200000000049	-1.118	-0.2856
8.149999999999995	-1.7792	-1.6704800000000017	-0.5544	-0.0232
8.159999999999995	-0.6848	-1.579920000000014	-0.5512	-0.2552
8.169999999999996	-2.0736	-2.3868799999999806	-1.7828	-0.6648
8.179999999999996	-2.336	-1.3011199999999976	-1.078	-0.6848
8.189999999999996	-1.5232	-1.1414400000000142	-1.6812	-1.1208
8.199999999999996	-2.1888	-1.3608800000000094	-1.014	-0.5984
8.209999999999996	-2.3104	-1.2908000000000053	-0.7416	-0.6288
8.219999999999995	-1.2224	-1.903840000000019	-1.2204	-0.9744
8.229999999999995	-2.176	-2.0270400000000057	-0.4924	-0.6256
8.239999999999995	-1.3376	-1.7055999999999993	-0.6908	-1.0368
8.249999999999996	-1.7856	-0.7329599999999997	-1.2956	-0.344
8.259999999999996	-2.112	-1.2861599999999964	-0.8484	-0.7952
8.269999999999996	-1.5616	-1.2831200000000098	-0.8252	-0.8736
8.279999999999996	-1.7792	-1.2879200000000053	-1.1048	-0.7584
8.289999999999996	-1.76	-1.5687999999999895	-0.9344	-1.0432
8.299999999999995	-2.4576	-2.1314399999999867	-1.3376	-0.6752
8.309999999999995	-1.4144	-1.6865600000000125	-1.0312	-0.4864
8.319999999999995	-2.3424	-1.3464799999999895	-0.6748	-0.3936
8.329999999999995	-1.6064	-1.523359999999983	-0.8584	-0.7648
8.339999999999996	-1.424	-1.253680000000005	-0.9696	-1.0056
8.349999999999996	-1.6384	-0.8790399999999954	-1.4452	0.056
8.359999999999996	-1.088	-1.1385600000000036	-0.9268	-0.6
8.369999999999996	-1.4976	-1.7325600000000083	-0.4916	-0.4968
8.379999999999995	-1.2032	-1.598960000000003	-0.6504	-0.1424
8.389999999999995	-2.3808	-1.6616799999999876	-0.5516	-0.5672
8.399999999999995	-1.9904	-1.6220799999999989	-1.0088	-0.8616
8.409999999999995	-1.5232	-1.1099200000000158	-0.896	-1.108
8.419999999999996	-1.7792	-1.7614400000000028	-0.9952	-0.7616
8.429999999999996	-1.5296	-2.158720000000015	-0.8188	-0.9728
8.439999999999996	-1.9776	-1.5099199999999926	-1.326	-0.7464
8.449999999999996	-1.7792	-1.5347999999999917	-2.0508	-0.5528
8.459999999999996	-1.9648	-1.8957599999999892	-0.8692	-0.6432
8.469999999999995	-2.2336	-1.1791999999999927	-1.6164	-0.2072
8.479999999999995	-1.2288	-1.841600000000008	-0.4212	-0.724
8.489999999999995	-2.384	-1.0558400000000085	-0.7804	-0.7416
8.499999999999995	-1.8688	-1.500239999999995	-1.4428	0.2264
8.509999999999996	-1.7472	-1.832239999999995	-1.0076	-0.9312
8.519999999999996	-2.0608	-1.2927199999999919	-0.4652	-0.4552
8.529999999999996	-2.0736	-1.6884800000000069	-0.2284	-0.5584
8.539999999999996	-2.56	-1.4991199999999925	-0.7328	-0.3704
8.549999999999995	-1.6832	-1.4567999999999799	-1.1132	-0.6864
8.559999999999995	-1.7728	-0.3448	-1.126	-0.4888
8.569999999999995	-1.4592	-1.4670400000000285	-1.4116	-0.6568
8.579999999999995	-1.8816	-1.2555200000000102	-1.3292	-0.0472
8.589999999999995	-1.7856	-2.0680800000000015	-0.6536	-0.4376
8.599999999999996	-2.1312	-1.4450400000000114	-0.3104	-0.8312
8.609999999999996	-2.4	-0.9932799999999945	-0.518	-0.6592
8.619999999999996	-2.176	-1.643999999999993	-0.582	-0.8632
8.629999999999995	-1.9936	-1.3821599999999896	-1.4936	-1.1008
8.639999999999995	-1.9072	-1.5706400000000016	-0.8692	-0.516
8.649999999999995	-1.4912	-1.6371999999999938	-0.48	-0.9712
8.659999999999995	-2.3072	-1.8936800000000036	-1.5224	-0.2672
8.669999999999995	-2.1184	-1.1180800000000028	-1.4488	-0.904
8.679999999999996	-1.568	-1.970959999999986	-1.1396	-0.2224
8.689999999999996	-2.0928	-1.5645599999999948	-0.8388	-0.6936
8.699999999999996	-2.368	-1.1317599999999992	-0.8268	-0.684
8.709999999999996	-2.1376	-1.7056800000000025	-1.278	-0.6544
8.719999999999995	-2.4224	-2.0457599999999982	-0.3576	-0.596
8.729999999999995	-1.5168	-1.8182399999999903	-0.2624	-0.544
8.739999999999995	-1.9776	-1.921360000000007	-1.1104	-0.308
8.749999999999995	-2.2336	-1.7336799999999966	-1.0388	-0.7968
8.759999999999994	-2.3808	-1.2044799999999987	-1.1884	-1.1552
8.769999999999996	-1.7248	-1.137280000000014	-0.7804	-0.8528
8.779999999999996	-2.1312	-1.872559999999985	-0.8124	-0.2984
8.789999999999996	-1.4336	-2.14104	-1.4988	0.0368
8.799999999999995	-1.6128	-1.4204000000000223	-0.7456	-0.6016
8.809999999999995	-2.1056	-1.6350400000000063	-1.1024	-0.4592
8.819999999999995	-2.0544	-1.5123999999999775	-1.4252	-0.388
8.829999999999995	-2.3744	-1.4084799999999975	-1.24	-0.032
8.839999999999995	-2.624	-1.523360000000008	-1.4944	-0.3848
8.849999999999996	-1.7152	-1.621280000000009	-1.2888	-1.0504
8.859999999999996	-2.208	-1.201999999999999	-0.6116	-0.3872
8.869999999999996	-2.304	-1.8597600000000063	-1.228	-0.5952
8.879999999999995	-2.0736	-2.250000000000011	-1.2736	-0.0536
8.889999999999995	-2.208	-0.8310399999999938	-0.442	-0.1752
8.899999999999995	-2.0544	-2.2035200000000117	-1.7496	-1.3656
8.909999999999995	-1.7728	-1.9931200000000073	-1.338	-0.6584
8.919999999999995	-1.9904	-2.511440000000003	-1.1536	-1.144
8.929999999999994	-2.0192	-1.799040000000006	-1.6316	-0.6488
8.939999999999996	-2.2976	-1.9272800000000128	-1.7772	-0.5704
8.949999999999996	-2.4512	-1.9112800000000014	-1.778	-0.5408
8.959999999999996	-1.4336	-2.0257599999999822	-1.078	-0.3832
8.969999999999995	-1.7856	-1.6014400000000044	-1.5748	-0.6384
8.979999999999995	-1.7344	-1.7497599999999958	-1.1452	-0.8232
8.989999999999995	-1.792	-0.9214399999999944	-1.5368	-0.7896
8.999999999999995	-2.5792	-2.2876000000000025	-1.1844	-0.2896
9.009999999999994	-1.5168	-2.1863200000000202	-1.7792	-0.8
9.019999999999996	-1.7664	-1.482320000000013	-1.1604	-0.4272
9.029999999999996	-1.28	-2.159120000000018	-1.3712	-0.6128
9.039999999999996	-1.8752	-1.514560000000015	-0.5712	-1.484
9.049999999999995	-1.4272	-1.5876800000000002	-1.3944	-0.8056
9.059999999999995	-1.696	-1.3429599999999993	-1.936	-0.7136
9.069999999999995	-1.824	-2.1487199999999893	-1.4756	-0.7368
9.079999999999995	-2.4576	-1.5970400000000016	-0.752	-0.9256
9.089999999999995	-2.2848	-1.653440000000005	-0.2888	-0.932
9.099999999999994	-2.048	-0.9847200000000034	-0.8136	-0.5848
9.109999999999996	-1.6384	-1.402720000000022	-1.218	-0.6712
9.119999999999996	-2.0992	-1.1827200000000004	-1.3036	-0.1608
9.129999999999995	-1.6576	-2.130960000000004	-1.1404	-0.3464
9.139999999999995	-1.9072	-2.406720000000009	-1.5436	-0.3808
9.149999999999995	-1.3984	-1.747440000000019	-1.3696	-1.0536
9.159999999999995	-1.9904	-1.6337600000000148	-0.9848	-0.268
9.169999999999995	-1.6192	-2.4173599999999538	-0.8808	-0.888
9.179999999999994	-2.336	-1.2999199999999884	-1.144	-1.168
9.189999999999996	-2.336	-1.9665600000000028	-0.8576	-0.9656
9.199999999999996	-1.9712	-1.4441600000000152	-1.3652	-0.6704
9.209999999999996	-1.632	-1.824160000000001	-0.5824	-1.2704
9.219999999999995	-2.0416	-1.280560000000004	-0.8828	-0.4784
9.229999999999995	-2.1088	-1.523839999999999	-0.8124	-0.644
9.239999999999995	-2.144	-1.4962400000000073	-1.154	-0.7344
9.249999999999995	-2.112	-1.5938399999999884	-1.1984	-1.1816
9.259999999999994	-2.2784	-1.5076800000000041	-1.2208	-0.2656
9.269999999999994	-1.9968	-1.917600000000021	-1.7252	-0.52
9.279999999999996	-1.3312	-1.8115199999999954	-1.9196	-0.6368
9.289999999999996	-1.5488	-2.061999999999976	-0.4864	-0.9088
9.299999999999995	-2.0608	-1.3981600000000027	-1.0668	-0.5984
9.309999999999995	-1.9136	-1.8387199999999935	-0.4296	-0.0488
9.319999999999995	-1.6768	-1.6046400000000043	-1.442	-0.5192
9.329999999999995	-2.08	-1.8899200000000058	-1.0132	-0.944
9.339999999999995	-2.08	-2.2814400000000106	-1.478	-1.1104
9.349999999999994	-2.0352	-1.450720000000007	-1.3012	-1.5536
9.359999999999996	-2.1248	-1.4526400000000013	-1.8068	-0.8008
9.369999999999996	-1.536	-1.5435999999999899	-0.8116	-0.872
9.379999999999995	-2.6048	-1.8499199999999978	-1.294	-0.8744
9.389999999999995	-1.888	-1.6713599999999968	-1.0316	-0.9896
9.399999999999995	-1.8176	-1.911680000000015	-1.42	-0.5736
9.409999999999995	-1.9776	-1.148800000000001	-1.5752	0.2968
9.419999999999995	-1.7856	-1.5014399999999881	-1.2236	-0.9304
9.429999999999994	-1.4976	-1.3915199999999814	-1.856	-0.5632
9.439999999999994	-2.0352	-2.021440000000029	-1.1192	-1.1408
9.449999999999996	-2.4736	-1.873040000000001	-0.2984	-0.9152
9.459999999999996	-1.92	-1.519520000000001	-1.2808	-0.7376
9.469999999999995	-2.464	-1.342239999999997	-1.3692	-0.8992
9.479999999999995	-1.7984	-1.5909599999999842	-1.55	-0.5672
9.489999999999995	-1.7856	-1.7174399999999892	-1.7136	-0.748
9.499999999999995	-1.9776	-1.980159999999999	-0.9684	-1.036
9.509999999999994	-1.4208	-1.5879200000000013	-1.5932	-0.976
9.519999999999994	-2.7392	-1.893760000000014	-0.7252	-0.6632
9.529999999999996	-1.5744	-1.693840000000014	-0.786	-0.144
9.539999999999996	-1.3248	-1.785679999999996	-1.1432	-0.652
9.549999999999995	-2.3104	-1.8131200000000074	-1.2928	-1.0392
9.559999999999995	-2.0864	-2.066159999999992	-1.5888	-0.6848
9.569999999999995	-2.2016	-1.8694399999999924	-0.5684	-1.168
9.579999999999995	-2.0352	-1.2103999999999944	-1.5676	-0.8832
9.589999999999995	-2.0096	-1.477919999999998	-1.3956	-0.2688
9.599999999999994	-1.5104	-2.124800000000019	-1.0936	-0.4416
9.609999999999994	-1.504	-2.3111200000000003	-1.648	-1.016
9.619999999999996	-1.1776	-1.80512000000002	-1.7	0.0936
9.629999999999995	-2.1696	-1.9126400000000048	-1.0364	-0.3032
9.639999999999995	-2.3552	-2.5982400000000143	-0.8912	-0.2344
9.649999999999995	-2.6752	-2.018479999999988	-1.2064	-0.2528
9.659999999999995	-2.4576	-1.3839199999999878	-0.9736	-1.1352
9.669999999999995	-2.2592	-2.553040000000023	-0.748	-0.6096
9.679999999999994	-2.272	-2.0952800000000034	-2.0368	-0.8896
9.689999999999994	-2.2528	-2.122479999999992	-1.126	-1.1872
9.699999999999994	-1.92	-1.8518400000000093	-1.4912	-1.0328
9.709999999999996	-2.304	-2.0914399999999986	-1.0052	-0.6144
9.719999999999995	-2.8416	-1.189280000000002	-1.5784	-0.9208
9.729999999999995	-1.9776	-1.7963199999999866	-0.884	-0.9472
9.739999999999995	-2.688	-1.4082400000000022	-0.7756	-0.8016
9.749999999999995	-1.8656	-1.5543199999999935	-1.42	-1.2104
9.759999999999994	-2.1824	-1.4883200000000198	-0.9096	-0.5536
9.769999999999994	-1.9456	-1.6254399999999887	-1.5664	-0.8616
9.779999999999994	-1.5424	-2.066879999999993	-1.1292	-0.1784
9.789999999999996	-2.0672	-2.2139999999999946	-1.544	-0.4712
9.799999999999995	-1.7536	-2.4156799999999716	-1.4616	-0.8936
9.809999999999995	-2.7328	-1.5972799999999954	-0.6352	-0.6264
9.819999999999995	-2.4128	-1.448160000000016	-1.2764	-0.76
9.829999999999995	-1.6	-2.058800000000008	-1.5112	-0.6688
9.839999999999995	-2.4576	-2.333039999999968	-0.9692	-0.6616
9.849999999999994	-2.5088	-2.5310400000000097	-1.0836	-1.0328
9.859999999999994	-2.4192	-0.9148000000000069	-1.8132	-1.0184
9.869999999999994	-2.3552	-2.39591999999995	-1.298	-1.0184
9.879999999999995	-2.2592	-1.5137600000000038	-1.2848	-0.7376
9.889999999999995	-2.1504	-1.776959999999998	-0.842	-0.7712
9.899999999999995	-1.4656	-1.784559999999999	-1.6644	-0.788
9.909999999999995	-3.0016	-1.827519999999999	-0.7952	-1.356
9.919999999999995	-1.9488	-2.1540000000000266	-1.9304	-0.9488
9.929999999999994	-2.3232	-2.3596000000000075	-1.1052	-1.2144
9.939999999999994	-1.8816	-1.600239999999982	-1.14	-0.7616
9.949999999999994	-1.4784	-1.2417599999999955	-1.5296	-0.3224
9.959999999999996	-1.6128	-1.575839999999997	-1.3788	-0.3168
9.969999999999995	-2.2016	-1.6063200000000053	-1.192	-1.016
9.979999999999995	-2.0864	-1.3939199999999983	-1.3248	-1.4832
9.989999999999995	-2.1056	-2.056080000000012	-1.3648	-0.7352
