0.1	0.0	0.9999999999678264	249.57830400000006	352.6719360000001
0.11	0.0	91.24683054544157	192.98068099173568	267.341170247934
0.12	0.0	0.6944444444221018	154.11345555555567	247.05826666666678
0.13	0.0	0.5917159763123234	122.58556213017746	221.95271952662725
0.13999999999999999	0.0	18.499712979582345	124.84571428571428	183.5771755102041
0.14999999999999997	40.1180444444444	16.11530552888007	106.70264177777781	161.26850844444456
0.15999999999999998	0.0	0.39062499998743244	82.9024	111.82250000000009
0.16999999999999998	0.0	0.3460207612345421	67.79252041522489	111.89272802768167
0.17999999999999997	0.0	0.30864197529871207	70.31709135802475	97.2893827160495
0.18999999999999995	0.0	0.27700831024039535	50.26010415512471	93.53828698060941
0.19999999999999996	19.28038399999995	0.24999999999195677	57.988816000000014	90.64633600000005
0.20999999999999996	20.2922666666667	0.22675736960721699	40.99192743764173	86.28609160997733
0.21999999999999995	12.817771900826413	0.2066115702412866	36.0357652892562	75.42282314049592
0.22999999999999995	16.352834782608696	0.18903591681811474	43.65154177693763	59.027345179584174
0.23999999999999994	15.758488888888923	5.621868777774575	32.2301638888889	61.67354444444446
0.24999999999999992	0.0	0.15999999999485237	20.992000000000004	49.91462400000001
0.2599999999999999	0.0	0.14792899407808097	25.163966863905326	48.33189112426039
0.2699999999999999	0.0	4.424770370367666	22.47061947873801	54.890921262002784
0.2799999999999999	10.955951020408165	0.12755102040405958	26.211793877551035	49.02086530612248
0.2899999999999999	7.818380023781222	0.11890606420544914	13.056097027348395	41.576979785969094
0.29999999999999993	0.0	0.11111111110753635	10.329201777777802	39.9091128888889
0.30999999999999994	0.0	9.209767758583373	8.30011904266389	37.11536482830385
0.3199999999999999	7.967350000000003	0.09765624999685812	10.604006250000015	35.68906875000002
0.32999999999999985	0.0	0.09182736455168297	7.352307070707077	38.63566574839305
0.33999999999999986	0.0	0.0865051903086356	11.049129411764712	36.039368858131525
0.34999999999999987	0.0	2.7813146122431345	7.055280326530624	36.2123755102041
0.3599999999999999	0.0	0.07716049382467803	9.550729629629636	35.89370370370372
0.3699999999999999	6.002143462381309	0.07304601898961485	1.8261504747991246	25.13258027757489
0.3799999999999999	0.0	0.06925207756009884	5.2368077562327	30.79311246537397
0.3899999999999999	0.0	0.0657462195902582	7.2310858645627825	27.56052491781724
0.3999999999999998	0.0	0.062499999997989227	1.5625000000000016	22.829644000000027
0.4099999999999998	5.09752195121952	0.05948839976013252	1.4872099940511616	24.003156216537796
0.4199999999999998	0.0	0.05668934240180428	1.4172335600907042	23.163628117913856
0.4299999999999998	4.145289345592211	0.05408328826218645	3.8292318009734996	23.142123093564113
0.43999999999999984	0.0	0.05165289256032166	1.2913223140495877	24.748905785123988
0.44999999999999984	0.0	1.592917333332246	4.224741925925934	18.877057580246923
0.45999999999999985	0.0	0.0472589792045287	6.380106616257095	23.65934517958413
0.46999999999999986	3.1435038478949844	0.04526935264680069	1.131733816206429	22.06130122227253
0.47999999999999976	3.6586222222222244	0.04340277777638141	6.8196222222222325	23.14328888888891
0.48999999999999977	3.7880109954185848	0.04164931278499907	3.656393169512708	18.245994835485227
0.4999999999999998	0.0	1.2175999999995153	1.0000000000000009	14.76846336000001
0.5099999999999998	0.0	0.038446751248282486	2.9349567089581035	15.839645674740488
0.5199999999999998	0.0	0.03698224851952024	0.9245562130177521	15.111429585798824
0.5299999999999998	2.9560207903168436	0.03559985759942425	0.8899964400142405	13.570323958704181
0.5399999999999998	0.0	0.03429355281096801	0.8573388203017839	17.05835061728396
0.5499999999999998	2.7182037685950458	0.033057851238605857	5.235612033057852	14.132968727272736
0.5599999999999997	0.0	0.03188775510101491	0.7971938775510211	9.97236530612246
0.5699999999999997	2.633876762080643	0.030778701137821718	4.551274115112348	14.114816866728235
0.5799999999999997	2.183305588585017	0.02972651605136229	0.7431629013079674	12.882948870392395
0.5899999999999997	0.0	0.02872737718953828	0.7181844297615634	11.990301637460504
0.5999999999999998	2.4552817777777816	0.027777777776884095	0.694444444444445	9.222504888888896
0.6099999999999998	0.0	1.155279273313069	0.6718624025799521	13.511034668099986
0.6199999999999998	0.0	1.0778841873044116	0.6503642039542148	8.592489490114476
0.6299999999999997	0.0	0.025195263289690795	0.6298815822625353	10.074209523809536
0.6399999999999997	2.018912500000001	0.8379339999995076	0.6103515625000007	7.261342187500008
0.6499999999999997	0.0	0.9503874120705694	0.5917159763313615	10.033156544378707
0.6599999999999997	0.0	0.022956841137920743	0.5739210284664835	9.468127089072551
0.6699999999999997	0.0	0.022276676319176375	0.5569169079973273	8.778935174871918
0.6799999999999997	0.0	0.0216262975771589	0.5406574394463672	8.896070588235302
0.6899999999999997	0.0	0.021003990757568314	0.5250997689561021	8.751726444024374
0.6999999999999996	1.6261537959183656	0.020408163264649545	0.5102040816326536	6.2140081632653095
0.7099999999999996	1.6461495734973244	1.793808136480556	0.49593334655822313	7.9873358460622965
0.7199999999999996	0.0	0.01929012345616951	0.4822530864197535	8.922591358024697
0.7299999999999996	0.0	0.01876524676239121	0.4691311690748738	7.256175642709708
0.7399999999999997	0.0	0.018261504747403717	3.472783053323596	6.451727100073048
0.7499999999999997	0.0	0.6908871111107644	0.4444444444444448	7.944533333333339
0.7599999999999997	1.2605606648199463	0.017313019390024713	0.43282548476454324	7.788104155124661
0.7699999999999997	0.0	0.5725377932194001	0.4216562658121103	7.193322583909602
0.7799999999999997	1.4686085470085506	0.016436554897564553	0.41091387245233435	4.972261406969105
0.7899999999999996	0.0	0.01602307322492914	0.40057683063611643	7.239865406184914
0.7999999999999996	1.2621040000000012	0.556765759999695	0.3906250000000004	7.379899000000008
0.8099999999999996	0.0	0.0152415790270969	1.1433027892089662	6.540016704770622
0.8199999999999996	0.0	0.01487209994003313	0.3718024985127904	6.316145151695426
0.8299999999999996	0.0	0.014515894904453876	0.3628973726230225	5.5461021338365555
0.8399999999999996	0.0	0.01417233560045107	0.35430839002267606	6.612835374149669
0.8499999999999996	0.0	0.013840830449381695	0.34602076124567505	4.618597868512116
0.8599999999999995	0.0	0.013520822065546615	0.33802055164954065	5.688260465116286
0.8699999999999996	0.0	0.013211784911716576	0.3302946228035411	6.303593288413271
0.8799999999999996	0.0	0.01291322314008042	0.32283057851239705	5.829203305785131
0.8899999999999996	0.0	0.01262466860204302	0.8066203762151244	6.002648958464843
0.8999999999999996	0.0	0.505172827654058	0.7324001975308618	5.0444641975308695
0.9099999999999996	0.0	0.012075836251271918	0.301895906291511	4.4818540755947405
0.9199999999999996	0.954543667296787	0.011814744801132178	1.6912937618147486	4.615936483931951
0.9299999999999996	0.9247966701352763	0.011562030292147387	0.2890507573129844	5.425358954792467
0.9399999999999996	0.0	1.8472156523311378	1.8252602987777289	5.074568401991858
0.9499999999999995	0.46149779501384997	0.011080332409615819	0.2770083102493078	4.742574448753468
0.9599999999999995	0.0	0.010850694444095352	0.4024324652777797	4.41698541666667
0.9699999999999995	0.0	0.010628122010498753	0.26570305027101737	5.325455032415777
0.9799999999999995	0.0	0.010412328196249767	0.26030820491461915	4.703296293211166
0.9899999999999995	0.0	0.010203040505742552	1.3618651158045108	3.9508784817875764
0.9999999999999996	1.1328000000000007	0.009999999999678275	1.5666961600000024	4.4748134400000055
1.0099999999999996	0.0	0.009802960493753824	0.24507401235173043	4.63326873835899
1.0199999999999996	0.8191704728950405	0.009611687812070622	1.0691080353710132	4.213234294502119
1.0299999999999996	1.5989177490809694	0.009425959091034287	0.2356489772834388	4.522568536148557
1.0399999999999996	0.0	0.00924556212988006	1.53752825443787	3.7718218934911265
1.0499999999999996	1.0411456145124731	0.009070294784288684	0.22675736961451265	4.328290104308393
1.0599999999999996	0.0	0.008899964399856063	0.22249911000356012	3.003750231399076
1.0699999999999996	0.0	0.008734387282451107	0.21835968206830308	3.837763996855623
1.0799999999999996	0.9986282578875175	0.008573388202742003	0.21433470507544597	4.213357475994517
1.0899999999999996	0.0	0.008416799932394808	0.21041999831664016	3.9038243918862094
1.0999999999999996	0.0	0.008264462809651464	0.206611570247934	1.4402110413223124
1.1099999999999997	1.085987695803914	0.9614722753021161	0.4646355328301263	4.199659118578041
1.1199999999999997	0.0	0.007971938775253724	0.19929846938775522	3.4021102040816342
1.1299999999999997	0.0	0.007831466833486	1.9615827081212336	3.9275901323517917
1.1399999999999997	0.8864265927977839	0.007694675284455427	0.19236688211757474	3.636811326562021
1.1499999999999995	0.0	1.0571119546311893	0.893001557655957	4.029118669187149
1.1599999999999995	0.0	0.007431629012840573	1.0523305588585021	3.196510820451845
1.1699999999999995	2.4451749579954734	1.5105404269120037	1.152166440207466	2.596371860618015
1.1799999999999995	0.07787371444987141	0.00718184429738457	0.17954610744039085	3.543016374605002
1.1899999999999995	0.0	1.7755496363249645	1.0509612597980376	3.5129469387755137
1.1999999999999995	1.2444444444444454	0.006944444444221024	0.65066788888889	2.471471555555557
1.2099999999999995	0.7912027866948975	0.006830134553430964	0.9303845365753699	3.3419684447783653
1.2199999999999995	0.0	0.9849579145390431	0.16796560064498803	3.262950819672134
1.2299999999999995	0.0	0.006609822195570278	0.2156024588538564	2.7459396919822874
1.2399999999999995	0.72840790842872	1.4194192507802346	1.9492299687825203	3.1407284079084308
1.2499999999999996	0.73728	0.28370450841579575	0.16000000000000011	3.386642841600002
1.2599999999999996	0.635946182917612	0.006298815822422696	0.15747039556563375	2.5719873015873045
1.2699999999999996	0.0	0.006200012399825329	1.3608775249550522	3.4097076322152677
1.2799999999999996	0.7201312500000009	0.7240698242186548	0.7860238281250006	2.8427417968750026
1.2899999999999996	0.6999579352202393	0.6982753440296713	1.2303968271137562	3.0291914187849303
1.2999999999999994	0.0	0.00591715976312324	0.9929258224852088	2.6455626982248552
1.3099999999999994	0.6688788765223482	0.7024742147892271	0.9370615698385901	2.5829323699085163
1.3199999999999994	0.6685032139577598	0.17277155555538534	0.5313934802571163	3.0091000918273676
1.3299999999999994	0.6367799197241221	0.6537207077843269	0.29555371134603564	2.927266798575389
1.3399999999999994	0.4229360659389628	0.005569169079794094	0.8131892180886612	2.5892711962575197
1.3499999999999994	0.0	1.2828190867489067	0.7455590891632377	2.538052126200277
1.3599999999999994	0.0	0.4656327889272023	0.9926024221453302	2.770691695501732
1.3699999999999994	1.132079492780651	0.5807014579358819	0.7476562416751031	2.8206019713357153
1.3799999999999994	0.0	1.5364651123712425	0.6421053560176444	2.646635916824198
1.3899999999999995	0.0	1.4642629296619583	1.213757051912427	2.4722632575953636
1.3999999999999995	0.0	0.604430315101931	1.4168387755102052	2.785257469387757
1.4099999999999995	0.5858860218298881	0.5641001366127303	0.6526512750867663	2.5649896886474544
1.4199999999999995	1.5495389010117042	0.004959333465422671	0.20083721483832637	2.5930534417774274
1.4299999999999995	1.6525013448090389	0.6737055316151332	1.5912886889334454	2.6696819599980457
1.4399999999999995	0.7398469135802473	0.4531479598764295	0.7480440586419758	2.295842901234569
1.4499999999999995	1.010606420927469	0.38923292917943275	0.40191535790725424	2.4066264732461375
1.4599999999999995	0.5404391067742541	1.0095465565771935	0.7088306248827172	2.090189078626385
1.4699999999999993	0.5390346614836414	0.8892485938265393	0.6083394141330014	2.5978402332361545
1.4799999999999993	0.531775018261505	0.004565376186850929	0.704631409788167	2.3297285609934275
1.4899999999999993	0.9541912526462785	0.004504301607890759	0.32595173190396787	2.470368001441379
1.4999999999999993	0.9455342933333344	0.5638084010666056	1.6839182222222238	2.1900583822222237
1.5099999999999993	0.0	0.9320521422744	0.9277473093285391	2.6828016315073935
1.5199999999999994	1.1218836565096972	0.004328254847506178	0.8147436980609429	1.774573684210527
1.5299999999999994	0.8994831047887583	0.5155044955358214	1.0692297150668557	1.596172685719169
1.5399999999999994	0.5271380671276782	1.4889253472760566	0.10541406645302757	1.8239568223983817
1.5499999999999994	0.5819815026014569	1.1640396480331958	1.3283748761706562	1.897409931321542
1.5599999999999994	0.8635329388560173	1.7178000683760104	0.1957824457593696	2.18421143984221
1.5699999999999994	0.8612791756257862	0.8587681421558186	0.6113529960647501	1.8896692604162448
1.5799999999999994	0.8511456497356208	0.9643847614163842	1.1886004806921968	2.249717417080597
1.5899999999999994	0.7633075273921128	0.4599830070012068	1.3164502037102972	1.9436119773743135
1.5999999999999994	0.0	0.0039062499998743254	0.09765625000000007	2.2897947500000013
1.6099999999999994	1.5689113228656315	0.0038578758534309147	0.30126640175919106	2.0519494772578235
1.6199999999999992	0.44383478128334125	0.003810394756774225	0.931499222679471	1.8435765279682992
1.6299999999999992	1.9820792050886396	0.4403194315178468	0.1868751703112652	2.082450976702173
1.6399999999999992	0.8702286734086855	0.4185962903033123	0.5079597858417614	1.8744947055324233
1.6499999999999992	0.7710560146923796	0.7800841285582291	0.8249321432506904	1.7735877465564762
1.6599999999999993	0.8779213238496167	0.5806058911307175	0.5684598054870083	1.9694181448686325
1.6699999999999993	0.418467151923698	1.063723959410463	0.9225163182616809	2.2564173114848165
1.6799999999999993	0.7657904761904762	0.40492023582757347	1.2460591836734705	1.7232678004535165
1.6899999999999993	0.784286264486539	0.40928360547589326	1.2055140366233692	2.358952921816465
1.6999999999999993	0.844059460207613	0.7116064310033763	0.9140759031141868	1.8677937162629774
1.7099999999999993	0.9849184364419833	0.388228081939639	0.8257627851304686	1.7798386648883433
1.7199999999999993	1.3975121687398604	0.37724459924277465	1.2644812871822613	1.870057111952408
1.7299999999999993	0.4214124895586229	1.0482457014934694	0.3857526278859973	1.639428995288852
1.7399999999999993	0.3847271766415644	0.39922220848191275	0.4179161844365176	1.9676731932884146
1.7499999999999993	1.181115872653062	1.240636041926428	0.4081172375510203	1.5104802481632666
1.7599999999999993	0.7355371900826456	0.49069090909083973	0.6621900826446285	1.8299543388429764
1.7699999999999994	1.5857307925564188	1.0376231075360793	0.322405439050081	1.88062720163427
1.7799999999999994	0.6686024491857097	0.40450699457135403	1.355456078777933	1.5204696376720122
1.7899999999999991	0.9048406728878634	1.0476612759901045	1.1244920445678988	1.608362485565371
1.7999999999999992	0.3694269629629629	0.5657364938271013	1.0563478518518523	1.5028406913580263
1.8099999999999992	1.0483380116602063	0.6944796068495669	1.2038509203015795	1.854746802600655
1.8199999999999992	0.8914277985750522	1.169245267962747	1.7944953024996997	1.355391860886368
1.8299999999999992	1.5167394189136747	0.5347055312490194	0.5731511123055335	1.7850062289109871
1.8399999999999992	1.030445368620039	0.0029536862002830446	1.322319234404538	1.7110508506616273
1.8499999999999992	0.7571197195032876	1.0110784813439841	1.0409945478451434	1.6900517867056253
1.8599999999999992	0.9915597178864611	1.0593655220256057	0.7304148918950171	2.0804659960689116
1.8699999999999992	0.6239316423117627	0.7137371271696973	0.4960782407275019	1.4817245445966443
1.8799999999999992	1.2151018560434594	0.7653292874603205	0.46084830239927554	1.6556144861928486
1.8899999999999992	0.8256700540298428	0.7460321509475424	0.7638370258391426	1.6217138825900743
1.8999999999999992	0.5885872576177296	0.6071258610525524	1.0628008421052637	1.7861630581717467
1.9099999999999993	1.1929497546668137	0.3085545242728325	0.7334698500589351	1.4567269098983044
1.9199999999999993	1.053819444444445	0.6305811180555141	1.1869154079861122	1.5877333333333348
1.9299999999999993	0.578530172622084	1.1692500454776955	1.049309286155334	1.4555064565491704
1.939999999999999	1.018248230417686	0.8779726967796297	0.5807205866723358	1.6169478584334163
1.949999999999999	0.5650406416831036	0.5627449966074627	1.0507648757396457	1.5053782932281412
1.959999999999999	0.892961266139109	0.7056434818824842	0.45041545189504467	1.3529820907955035
1.969999999999999	0.6041491818907987	0.8093009353499695	0.8545684145430189	1.4725630034270416
1.979999999999999	0.5322924599530666	0.9857480518314243	1.0768860320375482	1.6954500153045624
1.989999999999999	0.5365521072700195	0.8510528942197808	0.852363889800763	1.5504369687634165
1.9999999999999991	1.2224102400000014	0.2995362223999443	1.1346519600000011	1.380704000000001
2.009999999999999	0.950405623623179	0.7121605900843607	0.4861970347268635	1.3050107076557524
2.019999999999999	0.5866618566807185	0.34967065973918027	1.125639603960397	1.3897446916968936
2.029999999999999	0.8574971875075839	0.9931688320511968	0.8035962629522686	1.451087907981268
2.039999999999999	0.8412149173394855	1.1109522552864055	0.8890389850057681	1.596339254133027
2.049999999999999	0.5628040452111847	1.5869832360737213	0.7622487186198698	1.2147117763236182
2.059999999999999	1.0291301347912156	0.7744645489678006	0.9213901781506273	1.4570685267225953
2.069999999999999	0.78827376134799	0.9959512147307804	1.2863581413801968	1.547754617377303
2.079999999999999	1.0760023668639058	0.9278292470413894	0.670246153846154	1.1069934911242612
2.089999999999999	1.110597284860695	0.859654669444325	0.7662242164785613	1.1621388155033088
2.099999999999999	0.8605895691609987	1.2026329846711463	0.996281179138323	1.7032411428571443
2.109999999999999	1.1448578064284283	0.5137472743199223	0.7044719031468301	1.336662015677996
2.119999999999999	1.1810973300106804	1.2437880227838556	1.104669846920613	1.3004307582769676
2.129999999999999	0.9946448367828261	0.6618814235270388	0.5055723158985213	1.6954800326213952
2.1399999999999992	0.7965761201851693	0.6414388680233588	0.8305430692636919	1.3514373657087966
2.149999999999999	0.8944077879935106	0.8622960271714005	1.1940369929691736	1.3390390827474326
2.1599999999999993	0.45541838134430807	0.6716363511659343	1.3681784636488348	1.286526611796983
2.169999999999999	1.0328484699186657	0.7287060672343451	0.7449085433965477	1.2253188642782826
2.1799999999999993	1.1748161265886718	0.8827171571415885	0.6332887467384902	1.2377926437168596
2.189999999999999	1.3730110381351528	1.3983979836950304	1.0095299430787525	1.022630353829154
2.199999999999999	1.1594493884297536	0.7931427385123377	0.8728792066115709	1.2223009586776874
2.209999999999999	0.929055506644009	0.8075521061403075	0.9325073933785152	1.3087396572551764
2.219999999999999	0.9816533073614169	0.8246352419446026	0.6893019722425135	1.3169594675756853
2.229999999999999	0.8558386454583853	1.055942853144004	1.1572893080496298	1.407102205956284
2.239999999999999	1.228334693877552	1.229935020408136	0.41463963647959245	1.4457238520408178
2.249999999999999	0.5727745264197533	1.0013751258073755	0.7329618488888893	1.1603830202469145
2.259999999999999	0.9836322343174888	0.8949779296733738	1.0727731224058272	1.2531864358994453
2.269999999999999	0.7335742125793245	1.0380035214344896	0.8283028508218678	1.3434174930621599
2.279999999999999	1.01268131732841	0.9212709436749225	1.014416866728225	1.4278554632194533
2.289999999999999	1.0567482389733232	1.1889357643065461	0.8578736179706726	1.183540390152744
2.299999999999999	0.8861877958412109	0.7092758309262382	0.8013154177693771	1.1651265330812868
2.309999999999999	0.5903702254455504	0.9262868998706697	0.8597023594010612	1.1584670452202928
2.319999999999999	1.4475319857312736	0.7763685362663011	0.9400514565992873	1.0114600475624265
2.329999999999999	1.2295978632872229	0.9138334893624447	0.9142373298458261	1.1264597690139815
2.339999999999999	0.9608817590766314	1.0607542990722183	1.157125166191834	1.0450112060778736
2.3499999999999988	0.633815670439113	0.7089841125576789	0.8587091788139439	0.9836175934812141
2.359999999999999	0.5170927894283258	1.134262310830184	0.8491123240448155	1.15774673944269
2.3699999999999988	0.8826373551247136	0.9247976641919454	0.8157034378393785	1.1480147697128322
2.379999999999999	1.044491208248006	0.7549807736741422	0.9395693524468619	1.032072989195679
2.389999999999999	0.9798210535529851	0.6259386786645513	0.9834333152430814	1.0608588505103216
2.399999999999999	0.9034595555555565	0.481353798888871	0.7130090000000008	1.066011111111112
2.409999999999999	0.7546386873504249	1.0415909742600649	1.318420164942065	1.0497718978667736
2.419999999999999	1.0474056143706039	1.015679624069343	0.7971425722286735	1.0188838467317811
2.429999999999999	0.912136727124931	0.5174129103625662	0.940393530796458	1.0856257277853996
2.439999999999999	1.165861220102124	1.1227908830958973	0.7304118247782857	0.988772480515991
2.449999999999999	1.2373656043315298	0.6591961946522128	0.8286395601832577	0.9841526030820501
2.459999999999999	1.056063877321701	0.7205367175622756	0.7244898142639971	1.1493302663758354
2.469999999999999	1.0274139487616591	0.8610435354783313	0.9110097461030348	1.0113843137897696
2.479999999999999	0.7385373569198757	1.1021269625389927	0.9118641779396467	1.0488778355879296
2.489999999999999	0.7616802051579822	0.6718513407202598	0.7212890114675576	0.8385387332462386
2.4999999999999987	0.952334745600001	0.7514997340159562	0.9564164864000013	0.8859869184000012
2.509999999999999	0.995695788955732	0.9536080364438448	0.8579001857113387	0.9154146505611032
2.5199999999999987	1.1155027462836997	1.0592511806500078	0.9060918115394317	1.1428187452758891
2.529999999999999	1.0462432720398702	1.1258765096157997	0.7098220562733373	1.141866924963678
2.5399999999999987	0.6086035340070686	1.035282097092183	0.9757926715853443	1.0235050902101817
2.549999999999999	0.7952633602460599	0.8347747565397449	0.8947791526336033	1.1612792864282977
2.5599999999999987	1.175271875000001	0.8780958007812203	0.667362573242188	1.1657128906250012
2.569999999999999	0.9355114172811102	1.184444751987127	0.5424739572135846	0.981180783963422
2.5799999999999987	1.219366720749956	0.8049962382068071	0.7782047713478765	0.9381292951144773
2.589999999999999	1.2436369404153198	1.0449478942770352	1.074636597546251	0.937076072211208
2.5999999999999988	0.9505325443786992	0.7655737514792715	0.9869920946745571	0.8892874792899419
2.609999999999999	0.9586946521630636	0.4401048308744448	0.5491607932942856	1.1670433493342738
2.6199999999999988	0.7955661325097613	0.9130279783229177	0.6030196608589248	0.8507103315657604
2.629999999999999	0.8287443450100486	0.8882605560294057	0.9552804522257087	0.9895091731845198
2.639999999999999	0.9709516988062451	0.9332086831955477	0.8945329660238759	0.8731506887052348
2.649999999999999	1.1026259935920266	0.8086105230900419	0.9107842734069073	1.072162904948381
2.659999999999999	0.6031116286958003	1.1594055288597194	0.738566905986772	0.9688139747865915
2.6699999999999986	1.028072213104407	0.8348937814248762	0.9137224536744807	0.9898727713953074
2.679999999999999	0.649878725774115	0.8220303996435523	0.7675534640231683	0.83721416796614
2.6899999999999986	0.6915003606915334	0.8818823850416354	0.703143317532926	0.941838703168835
2.699999999999999	1.0135577283950628	0.6718928978874847	0.46708587105624183	0.8781344307270242
2.7099999999999986	0.7041298457265022	0.8150675412371453	0.6759662858621213	0.9626051061396232
2.719999999999999	0.5428802768166094	0.7688156020761048	0.853881401384084	0.8572957612456755
2.7299999999999986	0.7503837486079252	0.8227943965972558	0.6438213312938594	0.9862363160648885
2.739999999999999	0.7373861154030589	0.5956133760988561	1.08747016889552	0.9252362938888602
2.7499999999999987	0.9454258565289265	0.8220483820958415	0.72830062016529	0.9570317540495877
2.759999999999999	0.9031635370720446	0.7791491695021813	0.7115818315479947	0.8709876916614162
2.7699999999999987	0.8719981441176097	0.8840024243245457	0.7591769265857768	0.8124927993327172
2.779999999999999	1.0258404016355267	0.7549924546348321	0.8365964287562763	0.8485046529682735
2.7899999999999987	0.5671405865803373	0.8991943112755267	0.7517942266928747	1.0075006436196872
2.799999999999999	1.122108081632654	0.6804282416326299	0.6801939591836742	0.8650530612244905
2.8099999999999987	0.7938091158926567	0.5243549065487741	0.754992748318791	1.0215129798254845
2.819999999999999	0.8346609526683775	0.7387928566973228	0.7558464061163931	0.7896966953372573
2.8299999999999987	0.7463696637490799	0.7875937411629296	0.7870748592191195	1.0042327910199913
2.8399999999999985	0.7178144019043848	0.6537207823844261	0.8772718706605841	0.9850466970839131
2.8499999999999988	0.8163684776854424	0.7419812252877538	0.7334304659895359	0.7730720147737772
2.8599999999999985	0.6119901022054874	0.7347512183480689	0.6987177074673586	0.9190357279084562
2.8699999999999988	0.6265347400114125	0.7937924413310558	0.6638661438162421	0.743446685039275
2.8799999999999986	0.6409395061728401	1.009578320987639	0.5962284722222229	0.9361323302469144
2.889999999999999	0.6538637420528974	0.8994183583050767	0.7864369440021078	0.8555185689826518
2.8999999999999986	0.9603391010701556	0.7156573328893912	0.8492382211652804	0.8371543210463742
2.909999999999999	0.8238277771873274	0.6424595080360194	0.6514340832063868	0.9168794133276656
2.9199999999999986	0.8166635391255402	0.8069020641771224	0.7292601801463696	0.8965442672171147
2.929999999999999	0.7341384244429178	0.8336942596419007	0.8469151929550729	0.813728290370302
2.9399999999999986	0.7582322180572916	0.815461613216698	0.8923855060391511	0.7608723032069977
2.949999999999999	0.7309789141051426	0.7142750141223568	0.7150228371157717	0.7865326055731119
2.9599999999999986	0.6813802775748729	0.8551758918918673	0.3473794740686633	0.8158056245434632
2.969999999999999	0.9138720266639467	0.9326353728077391	0.8190960106111629	0.8255693818091132
2.9799999999999986	0.6390706004234048	0.9528182089094849	0.5579419125264633	0.8068001261204457
2.9899999999999984	0.7386691424033296	0.6035765405755901	0.5597718146329466	0.7083518081453235
2.9999999999999987	0.8689277155555563	0.71735029404442	0.513517226666667	0.842587804444445
3.0099999999999985	0.7161891104954698	0.553311004337686	0.5880778357854773	0.8757996755002713
3.0199999999999987	0.8925576246655857	0.5186866428665169	0.5638607955791418	0.8009961668347887
3.0299999999999985	0.918748026881897	0.8285981939025404	0.47723432778921515	0.8689017242318301
3.0399999999999987	0.6815556786703606	0.7166462493074598	0.7281676592797789	0.6667108033241003
3.0499999999999985	0.6808001117979043	0.7496155667401099	0.45893039505509303	0.8077315302338088
3.0599999999999987	0.5816839677047294	0.7570746123285654	0.6071746593190658	0.8746040582681881
3.0699999999999985	0.7588230156288138	0.6938875063289722	0.6730456726331321	0.8110640707063215
3.0799999999999987	0.5540776522179124	0.650261761511197	0.7526836060043858	0.691000573452522
3.0899999999999985	0.6245991390957369	0.6429062613085099	0.7420299158994991	0.6624653868308884
3.0999999999999988	0.6544372278876176	0.633701102018713	0.6609971113423523	0.8139438085327791
3.1099999999999985	0.7355159686107471	0.5364092596230332	0.7128478820525022	0.7713097424551036
3.1199999999999988	0.7504010519395142	0.7225914529914358	0.6432215647600269	0.8872323471400402
3.1299999999999986	0.7786681256315781	0.6985271674100912	0.6145107125723449	0.7183053251538759
3.1399999999999983	0.5777110633291417	0.7217862118544204	0.5519080855207114	0.6415097732159527
3.1499999999999986	0.8720857687074838	0.5818829374048661	0.6669598347190736	0.777810430839003
3.1599999999999984	0.6823716712065382	0.6350470219515933	0.5470277199166805	0.7546318859157195
3.1699999999999986	0.6451906178785743	0.655773761665428	0.5236411706753978	0.6669345938361418
3.1799999999999984	0.5854715240694598	0.6421024351884821	0.6846713183813938	0.6942365254538988
3.1899999999999986	0.4609423885378489	0.569636346183685	0.5538957518106157	0.6598221322510596
3.1999999999999984	0.8050660000000007	0.5873332968749804	0.5609643125000007	0.6854977500000007
3.2099999999999986	0.7219318756611453	0.5404730777069132	0.6717316175114766	0.6191678419270004
3.2199999999999984	0.6993794375217012	0.7777508855368037	0.6270681532348296	0.6542895721615685
3.2299999999999986	0.710472202359843	0.6379979641326651	0.6362386067152954	0.7160296983580793
3.2399999999999984	0.7499451912818175	0.5896435366559761	0.6294274653254084	0.7654571559213542
3.2499999999999987	0.7293264889940835	0.6496022570414107	0.5145823431952667	0.6399393476923083
3.2599999999999985	0.45475771011329036	0.700897448304394	0.7495347359704926	0.6650331438894959
3.2699999999999987	0.8523412133284711	0.6539563225691625	0.761140195830879	0.7482437879340502
3.2799999999999985	0.7036725758477105	0.5524450327186009	0.6130791790600839	0.67458768590125
3.2899999999999987	0.6993569682467832	0.5144978991694218	0.7322919928677678	0.6691355179645427
3.2999999999999985	0.5761330541781455	0.4031354117171597	0.47334933333333384	0.6605699761248858
3.3099999999999983	0.7973345843867807	0.6996778219986909	0.5534088808974003	0.5759071202343906
3.3199999999999985	0.6722285382493837	0.5418397300043319	0.637744970242416	0.6206399187109891
3.3299999999999983	0.6279164786408036	0.7977513946378519	0.6223001379758144	0.5375145812479152
3.3399999999999985	0.5797712933414613	0.7001621777761725	0.7200957366703725	0.7170439384703652
3.3499999999999983	0.5597522976163962	0.5875718039295951	0.5152506126085992	0.6010724883047455
3.3599999999999985	0.7123528344671208	0.45253027834465576	0.5974787414965991	0.7502723356009078
3.3699999999999983	0.573606445420846	0.5646255721191509	0.5070295591226484	0.6684083720029241
3.3799999999999986	0.547625419278037	0.5069466615314399	0.6844529393228536	0.6155268513007253
3.3899999999999983	0.6300004490040991	0.740059938775319	0.4516327424926693	0.5980270133395992
3.3999999999999986	0.6310089965397929	0.8927454399999921	0.6559443460207618	0.7403459653979246
3.4099999999999984	0.7401251244829343	0.5134632091571182	0.5228011317412137	0.5664884202922237
3.4199999999999986	0.6487797818132081	0.5161523608631561	0.7919873602133997	0.6821580110119358
3.4299999999999984	0.49022295132130367	0.688054435005805	0.5330768642317406	0.7199209309046408
3.4399999999999986	0.5423004867495949	0.7439812742022534	0.670117293131423	0.6528356408869664
3.4499999999999984	0.7693795286704481	0.5763157790380117	0.6445168460407483	0.7430189489603031
3.4599999999999986	0.5476265027231118	0.5639008987938012	0.41595075010859067	0.6110103778943504
3.4699999999999984	0.5364125804549499	0.6369947649760246	0.4225301563836594	0.5429783620825692
3.479999999999998	0.6198969480776858	0.6962181165279256	0.6586410886510775	0.6106436253137805
3.4899999999999984	0.6744296155203987	0.542856390867053	0.7058974425497333	0.6159988308798784
3.4999999999999982	0.5638804375510209	0.6536636896652842	0.6180519706122455	0.5756438987755108
3.5099999999999985	0.5902447674937709	0.6420918162677152	0.6282348357562038	0.6205441059731663
3.5199999999999982	0.6280991735537197	0.7570528925619678	0.7210244189049594	0.6505836260330584
3.5299999999999985	0.6330919917501951	0.45448061517224814	0.5245870972401677	0.5638062611849871
3.5399999999999983	0.5774279421622145	0.596260893612936	0.5334264866417701	0.6298360752018901
3.5499999999999985	0.541880242808967	0.473835625121994	0.5452835548502287	0.6796676088077769
3.5599999999999983	0.593177629087237	0.5293597959853503	0.4476053023608135	0.5289685645751803
3.5699999999999985	0.4881380818994268	0.5250650665285566	0.5771250806204841	0.6113930560459483
3.5799999999999983	0.4687066695796016	0.6266324551668034	0.6176870259979408	0.653615754814145
3.5899999999999985	0.4345093535897459	0.5518810581544142	0.5822785360138427	0.5122806185551017
3.5999999999999983	0.4859346172839511	0.6012619377777688	0.5441517407407412	0.5574010370370375
3.6099999999999985	0.5003229379762283	0.5996244208070659	0.701507434718887	0.5560164087138686
3.6199999999999983	0.49160423674491055	0.5221235708311605	0.4447852507554719	0.6066520069594952
3.629999999999998	0.6556804832699655	0.4933576284558563	0.6024394205010289	0.5699058928883128
3.6399999999999983	0.5369832628909557	0.644796260838049	0.5199270136456954	0.6159644487380757
3.649999999999998	0.50414081441171	0.6648454273897407	0.5665577361606311	0.5106423689247519
3.6599999999999984	0.6842635611693398	0.4835441349696882	0.5474023231508858	0.6012856281166956
3.669999999999998	0.49763013757619456	0.6870189386215572	0.5631359828939265	0.61824102636444
3.6799999999999984	0.6198495274102085	0.6071550396975213	0.5313862358223067	0.5296984404536866
3.689999999999998	0.47608656223147644	0.6559946651390466	0.5613111654585387	0.5678352656046891
3.6999999999999984	0.5501744806428054	0.6116166661796729	0.5561650840029223	0.5676195062089121
3.709999999999998	0.6773728641901765	0.5918233647241582	0.5584510313060794	0.5548754106697864
3.7199999999999984	0.5469199213781945	0.6956142610706372	0.5782009018383633	0.5076513354144994
3.729999999999998	0.6228125667545953	0.6168317226171212	0.5681763658187731	0.44624305788153484
3.7399999999999984	0.646373462209386	0.5250142327203958	0.4658221739254772	0.4465180474134236
3.7499999999999982	0.5061483633777782	0.5304752587662128	0.6266891377777783	0.5182082161777783
3.7599999999999985	0.5219440470801272	0.528983134449967	0.5007618379357179	0.5623936170212771
3.7699999999999982	0.5432353537983104	0.636945934355392	0.4523366125139842	0.5135588767950248
3.779999999999998	0.49696722936088067	0.569334573612148	0.3998178774390419	0.5438526804960674
3.7899999999999983	0.48283502342645945	0.5207008289833517	0.5078303158568936	0.43817345743903247
3.799999999999998	0.48655884764542984	0.40012604277008396	0.4986619833795019	0.5614893739612195
3.8099999999999983	0.536633393266787	0.513065399108565	0.4965328814213188	0.49095827116098717
3.819999999999998	0.5590892354924486	0.596639892108207	0.6898426139634337	0.503582511444314
3.8299999999999983	0.5296920259869524	0.5377611136485925	0.5188334612683982	0.5599754146527693
3.839999999999998	0.578452083333334	0.5019659457465144	0.42057216796875047	0.5184001302083339
3.8499999999999983	0.4751090571765901	0.4903702737324907	0.43577689593523394	0.4742445984145728
3.859999999999998	0.48630584445220054	0.479339186125794	0.41261060431152546	0.5300503745066987
3.8699999999999983	0.4454645113474755	0.5224653539784461	0.38631519206244314	0.44083521690069416
3.879999999999998	0.6457476883834633	0.3148402780316618	0.5099229567435438	0.459392666595813
3.8899999999999983	0.5903768967955543	0.4874066509208808	0.4065034304557864	0.4386701118813652
3.899999999999998	0.40728135700197277	0.38369593225508075	0.485083592373439	0.4698136909927683
3.9099999999999984	0.45498042529810806	0.49551880628723044	0.4622665628822421	0.5065200149135607
3.919999999999998	0.5248039983340279	0.38939499208663053	0.506714067055394	0.5207111620158271
3.9299999999999984	0.45624219256842097	0.46602698366450335	0.41400867341323055	0.4735831348859497
3.939999999999998	0.4111910536215829	0.44027960359709356	0.46176406503646095	0.47557364528846446
3.949999999999998	0.5410388745393372	0.5346623276013401	0.4980495792340976	0.44986021470918175
3.959999999999998	0.39735765738190015	0.3908608423630226	0.4662881338638919	0.47968733802673247
3.969999999999998	0.49296677220209556	0.34893390260708507	0.5467031045181435	0.48741809414437043
3.979999999999998	0.4407103254968312	0.36599976727859607	0.49598783869094254	0.4558402464584232
3.989999999999998	0.44184743563168616	0.45518355728920606	0.4886401467327472	0.5049929686371322
3.9999999999999982	0.5016953600000005	0.4989293643999913	0.37542464000000036	0.5136257600000004
4.009999999999998	0.5039787165502706	0.3447009882774365	0.4850964857183729	0.4268462609063381
4.019999999999998	0.47442532610579	0.4202951313086197	0.35745066706269685	0.44718085195911045
4.029999999999998	0.476941607915818	0.41686259495471284	0.4905287170046	0.46818701919228667
4.039999999999998	0.4106132339966673	0.3848191212626226	0.36748172728163936	0.4558682089991181
4.049999999999998	0.4634729193720474	0.4170057826794679	0.46515152202408205	0.478425254686786
4.059999999999998	0.3120039214734649	0.4323046522846853	0.42743035744618946	0.4970791429056765
4.069999999999998	0.5087737468985633	0.4734984323720602	0.46613411249086983	0.42434191815223804
4.079999999999998	0.39074755863129595	0.5706967612456597	0.47747081891580206	0.3926650903498658
4.089999999999998	0.4335715448855523	0.4431428219582513	0.5163985963737668	0.5347449238108338
4.099999999999998	0.47690835455086317	0.5590518923497764	0.41671320404521167	0.478399390838787
4.109999999999998	0.4306624374707708	0.49263829600817843	0.3472698930269183	0.45443156031517745
4.119999999999997	0.512994778018664	0.4459897864077592	0.48246994061645837	0.45963404656423845
4.129999999999997	0.3915776864494726	0.336916801904216	0.4641056698462212	0.4453187531145759
4.139999999999998	0.4497131788373129	0.35497671320217705	0.44805088566827744	0.4294297089780395
4.149999999999998	0.3806093099143566	0.40719496156771096	0.4197032858179711	0.4435236603280597
4.1599999999999975	0.35612426035503003	0.37026151590236067	0.4387489922337284	0.36925295857988216
4.169999999999997	0.4706346140353909	0.5403746071574262	0.4367344777415483	0.43302257417087964
4.179999999999998	0.3735029509397682	0.3861453355005548	0.368225416084797	0.39681860763260957
4.189999999999998	0.4370354144713239	0.4806869057250645	0.4136542854050734	0.4150210490940475
4.1999999999999975	0.48496848979591894	0.4083750062584937	0.40070273015873065	0.4083293968253973
4.209999999999997	0.43989460677834186	0.41718379255363597	0.38166825057407755	0.41207949853589226
4.219999999999998	0.3334704611307026	0.4106915478088914	0.3970740908784622	0.398606500303228
4.229999999999998	0.42230492765286837	0.4831288373824163	0.4561873458187331	0.46130633715049035
4.2399999999999975	0.4471461730153085	0.461920975080086	0.3123667764328946	0.41634446422214366
4.249999999999997	0.4827151590311424	0.3406138995155703	0.40965701093425655	0.4066546712802773
4.259999999999998	0.4411563490489105	0.3108865613083848	0.39437475809473466	0.4859397033216518
4.269999999999998	0.32876460464325513	0.39993746688677473	0.3861878253048066	0.3677416011715091
4.279999999999998	0.37297035548956287	0.38962329461087486	0.4125835531487471	0.4018828194602153
4.289999999999997	0.4406008139490662	0.30400364058009066	0.4448669937676936	0.5076996017191828
4.299999999999997	0.530240657652786	0.5065870329907969	0.5168158442401305	0.41716435694970305
4.309999999999998	0.36715957386103687	0.41434122339995405	0.37708613541055475	0.4594167860853467
4.319999999999998	0.4742798353909469	0.3818926419753045	0.384674519890261	0.43853415637860127
4.329999999999997	0.4614736949901066	0.33969725319352123	0.37010159316013247	0.4008641872323181
4.339999999999997	0.30778225063178277	0.4642303328590417	0.40851133810444107	0.3646030622863094
4.349999999999998	0.4370365437970674	0.3416652086352228	0.3071583564539572	0.41832189192759983
4.359999999999998	0.2947329012709371	0.3854410382964343	0.4135724602306208	0.4052985102264123
4.369999999999997	0.3609976823463498	0.37542655538856445	0.3681904392859578	0.460428270557002
4.379999999999997	0.3250507704176314	0.32572280010842075	0.4183483330205798	0.3915721190133656
4.389999999999998	0.35371120739307116	0.3443089318963671	0.4011500895076306	0.4297707546141837
4.399999999999998	0.2959174876033061	0.40842726446280164	0.4188186694214881	0.38333765289256244
4.4099999999999975	0.3300529635285713	0.4206900504213711	0.3559167137149648	0.37344360837305485
4.419999999999997	0.24561973751561217	0.41357458692490945	0.43383828340943115	0.4033488257816184
4.429999999999997	0.3754193580604237	0.42369560270879514	0.3987740146446611	0.35945749736304433
4.439999999999998	0.36228436003571174	0.3573211067283445	0.3603046100154212	0.3680511646781921
4.4499999999999975	0.280556608509027	0.33297754170432786	0.34123351294028575	0.4829820558010357
4.459999999999997	0.3677202758953533	0.35312336061452765	0.3822386052404035	0.3608510124876837
4.469999999999997	0.40419477400917936	0.34407476067644116	0.40887867113093057	0.39555455459964317
4.479999999999998	0.3127418367346942	0.41944597544642104	0.42519460299744943	0.3786102997448983
4.4899999999999975	0.35386033997847266	0.5177861566956422	0.4274780303669133	0.3951058496733651
4.499999999999997	0.3711274350617289	0.37894112742715136	0.3606289303703708	0.380608758518519
4.509999999999997	0.3795195185864381	0.3913125788762041	0.34708545975683547	0.40876592740448725
4.519999999999998	0.31584944788158853	0.36712960294462704	0.34388284125616764	0.3608512804448276
4.529999999999998	0.39186791222607237	0.33473494702473944	0.3193941708209682	0.3129004595315023
4.539999999999997	0.40448387509945904	0.36736902326844606	0.30245693881115526	0.4237846959964297
4.549999999999997	0.3175394198768268	0.33551699777321026	0.4012979765728781	0.3615292529887699
4.559999999999998	0.42432551554324444	0.3189750310864881	0.294386857494614	0.37708128654970796
4.569999999999998	0.40937838151008676	0.36265946815162176	0.42088761928474683	0.3740346451263836
4.579999999999997	0.36605544516694993	0.3070772941782179	0.3389531092084441	0.3747084609370535
4.589999999999997	0.3457519491553585	0.3961745633635588	0.3019662902682258	0.3815345171135513
4.599999999999997	0.28530014366729717	0.3156667435916806	0.3289014064272216	0.32362135349716487
4.609999999999998	0.38094528823034	0.34864770679602525	0.2928315902899011	0.35565595117659
4.619999999999997	0.29739820468132194	0.3407593111073593	0.27674995596034585	0.3064429527182777
4.629999999999997	0.3798562366760124	0.3295267732927763	0.3724580624997089	0.3620158959551059
4.639999999999997	0.35246896551724183	0.37464193103447524	0.30610150862069	0.3783907253269922
4.649999999999998	0.33848000924962457	0.388345734230538	0.35182476771881177	0.3510806909469307
4.6599999999999975	0.30449943082392417	0.3523509452006795	0.2972404649192289	0.3903044815708527
4.669999999999997	0.333836142125463	0.3236286628669926	0.34466207098936713	0.3672492899687747
4.679999999999997	0.2980654247936303	0.35640210124917554	0.3981026736795973	0.38831677989626767
4.689999999999998	0.3033877169134531	0.27316024669827976	0.2630530248544063	0.31985827305749687
4.6999999999999975	0.3968053309189683	0.2759445254142166	0.3295928365776373	0.3181402915346314
4.709999999999997	0.22435949351111856	0.33945084026847416	0.31976397509928317	0.3706560716909863
4.719999999999997	0.34563906923297943	0.32312932461935784	0.35212869864981367	0.32609051996552757
4.729999999999998	0.3206008984083425	0.2839949600454127	0.38478588649661005	0.3171838501043676
4.7399999999999975	0.2779889547615236	0.38137502579714266	0.3251454076091798	0.31208286421335646
4.749999999999997	0.3581860095290863	0.2902141293916888	0.30559917739612225	0.34837546548476495
4.759999999999997	0.3302745286349838	0.27420982444742686	0.3296264388108188	0.285369225337194
4.769999999999997	0.2655197359457479	0.35048089244007774	0.32696773422289066	0.3623186916832584
4.779999999999998	0.3688002661017843	0.38024561502773735	0.29013757462229334	0.3357211813518674
4.789999999999997	0.3134602795489912	0.34307277949450576	0.35458224815965805	0.35904655227269794
4.799999999999997	0.3491471111111116	0.38437442666665766	0.33881711111111146	0.31721052777777814
4.809999999999997	0.3625876444171667	0.3725954573156136	0.4011293588807108	0.32440235994830635
4.819999999999998	0.3589469878273449	0.32018468001583467	0.2793412234637836	0.329006015736644
4.829999999999997	0.3384051609805867	0.2960527274582127	0.40446639147152286	0.3131045184299306
4.839999999999997	0.36424790656375977	0.3125526190833905	0.31866842428795883	0.31732805136261216
4.849999999999997	0.3217577995536193	0.3675668090381467	0.3462854985652039	0.3457627310022323
4.859999999999998	0.2861443479144442	0.31752955707970654	0.32014797202323525	0.32853883384985383
4.869999999999997	0.3425986768928489	0.2929031635669041	0.27870256905413465	0.31575712508801773
4.879999999999997	0.28054221983337846	0.3408227387798905	0.30772977022305864	0.41051771029293244
4.889999999999997	0.26800407157882444	0.3087905764194626	0.3237150998866687	0.3088766206230322
4.899999999999997	0.2555440832986259	0.3384220337525931	0.3219022140774681	0.347757607663474
4.9099999999999975	0.289889595613093	0.3188346951273581	0.3193036962680596	0.32472243602772544
4.919999999999997	0.18292349791790619	0.26393676145151074	0.3005922136294537	0.2935727675325537
4.929999999999997	0.3526311550345819	0.3575877651666873	0.30003135828577815	0.2747162522783475
4.939999999999997	0.25875935681620776	0.3764690455506502	0.3088817977675429	0.27491539936730686
4.9499999999999975	0.29017867727782903	0.36273192720742237	0.30840941781450903	0.26588675604530176
4.959999999999997	0.23582060353798154	0.2586649583766905	0.2944301768990638	0.31804045265348635
4.969999999999997	0.27243999044569256	0.32316160787662707	0.3058429385164107	0.30481897582679207
4.979999999999997	0.2775763229625332	0.2591493024951207	0.2754915307817619	0.3072066837631655
4.9899999999999975	0.29081071963566435	0.3043408564624187	0.27149914418014415	0.34844040626342904
4.999999999999997	0.3479719936000004	0.19144270105600336	0.2613338304000003	0.28036800000000034
5.009999999999997	0.3004261241987087	0.30613875138345537	0.29972087760606564	0.29994523368432824
5.019999999999997	0.3103264011682358	0.28148864583101446	0.3120175171822673	0.2810687830351903
5.029999999999998	0.2642934978597602	0.2920418126469785	0.3065238691113758	0.2609367793240559
5.039999999999997	0.28801713277903784	0.26509736860670063	0.27532113882590104	0.29256699420508975
5.049999999999997	0.26126063562395874	0.2756389796451302	0.3421506377806101	0.2662509165768065
5.059999999999997	0.23161982846162288	0.2896146339420971	0.37211267165554895	0.3008849630520712
5.069999999999997	0.2534438741251671	0.3259876307474344	0.2816529517718415	0.30431551960910214
5.079999999999997	0.24213022506045034	0.2694244104408174	0.3130651311302626	0.3107280302560609
5.089999999999997	0.2866105966859788	0.30247366690725336	0.2995419903427889	0.31918009271231806
5.099999999999997	0.2698643537101118	0.2505865684890432	0.21985441906958889	0.2710951172625916
5.109999999999997	0.27015582814097716	0.28087568390132794	0.3116569620980315	0.2768684249830542
5.119999999999997	0.2651953125000003	0.2917791940917903	0.3080175781250003	0.3093664794921878
5.129999999999997	0.2407426649795381	0.27487709047797815	0.25417789481283914	0.2543098070061446
5.139999999999997	0.27399236324546955	0.22829885351784276	0.29906368907932024	0.3036436584959655
5.149999999999997	0.2525325500989729	0.2890069038137355	0.24575335809218618	0.3360521821095301
5.1599999999999975	0.2651586803677666	0.2430951611081052	0.31918280752358663	0.29984121146565734
5.169999999999997	0.22813344956208476	0.3133703220109991	0.28022983961180625	0.27956032010296
5.179999999999997	0.22633375173297982	0.2187713017993141	0.30015116053726126	0.2755731369538323
5.189999999999997	0.1575188687300688	0.2784021445717791	0.2684260661342959	0.2940752729608224
5.1999999999999975	0.25679526627218957	0.2864903846153787	0.2883639289940831	0.28769881656804763
5.209999999999997	0.2668350676574286	0.28867714669485584	0.2829379261054891	0.31881698048563073
5.219999999999997	0.35743982619163	0.2600810625798169	0.2792058308010749	0.2699051158967135
5.229999999999997	0.24430349103751367	0.2823259895660015	0.2719747829297811	0.27334634938160157
5.239999999999997	0.2547111240603698	0.2256256619078135	0.30662548802517375	0.2711309597342816
5.249999999999997	0.22657102947845828	0.303849179196364	0.27828595519274407	0.25632498648526103
5.259999999999997	0.22001291908224807	0.2658614061212342	0.33209292602177315	0.2803191256198589
5.269999999999997	0.2177234700013325	0.23683438079566743	0.2911500289850901	0.31121618556218505
5.279999999999997	0.2185505968778699	0.17513091161616398	0.21958218549127667	0.27563294306703434
5.289999999999997	0.2664439649658201	0.3205690079152008	0.24166758123362933	0.2955127004263138
5.299999999999997	0.20884642221431138	0.2522350784478431	0.27809298113207576	0.2401592367390533
5.309999999999997	0.24558553275098355	0.23308953643943578	0.31705046300729567	0.2524469185454729
5.319999999999997	0.23443052744643592	0.31892003301486066	0.2167803437164342	0.24760599242467102
5.329999999999997	0.24419398709559353	0.2584555333574986	0.27071541101556235	0.2875027135862356
5.339999999999997	0.22310844029233146	0.21024829076014526	0.2652953471082498	0.2818986603823875
5.349999999999997	0.2551816228491574	0.2354593763647455	0.1976452986287014	0.2062339711765222
5.359999999999997	0.2445177099576746	0.3027010951214029	0.2793110436622859	0.28681122744486554
5.369999999999997	0.25018291980067225	0.25232536124201693	0.3050107383248549	0.24598785028903966
5.379999999999997	0.23934077196279788	0.16547271574467068	0.29575321512969727	0.2758680283578173
5.389999999999997	0.23442406435335167	0.2590687652045764	0.2484501980923929	0.24822935347186634
5.399999999999997	0.261849020576132	0.21087848647462293	0.2495160000000003	0.2590283456790127
5.409999999999997	0.24676695788247308	0.25608563830244946	0.2949133233793793	0.28302178002671885
5.419999999999997	0.2259859424572108	0.24822277670510515	0.2303883443852891	0.299601040290846
5.429999999999997	0.19101302700704448	0.25313291074413957	0.3056704360537092	0.30427298583342693
5.439999999999997	0.27265570934256084	0.2485398754325161	0.26415278438581347	0.2477097534602079
5.449999999999997	0.21586344045114075	0.204619491881152	0.23536246982577255	0.27227874286676235
5.459999999999997	0.19592661111782014	0.28333341512699023	0.21651840759972651	0.19810476995531962
5.469999999999997	0.17799678485607073	0.2671274513801324	0.24727326250213089	0.2805177651741762
5.479999999999997	0.1997400820501894	0.24326461718791342	0.2081449784218661	0.28668231658585996
5.489999999999997	0.18117197487732312	0.27690671232012426	0.24729833809443263	0.22492048002495044
5.499999999999997	0.21187016991735552	0.22011943161652733	0.28358768132231427	0.30635532694214906
5.509999999999997	0.24852829865514303	0.2660715555482288	0.23502729437650102	0.2545087585350512
5.519999999999997	0.18729124133585404	0.23112427872295468	0.26228352762024815	0.23975307708464635
5.529999999999997	0.2529406472667583	0.22358382389007175	0.21209722408431428	0.2698229862430474
5.539999999999997	0.1653875640240328	0.2522513000299683	0.2504398597661903	0.2751392563437556
5.549999999999997	0.20892857917376856	0.21790370501095668	0.24770404999594212	0.22815511208505826
5.559999999999997	0.16943023653020048	0.2078859460690441	0.26394277728896043	0.2364655038559083
5.569999999999997	0.19393813872083412	0.19706705795667329	0.23365026156409882	0.2382919835358054
5.5799999999999965	0.23220947315681995	0.20547301478655197	0.26375630323351484	0.22450957207641245
5.589999999999997	0.26788649549892657	0.20195712450996867	0.22348399550692705	0.22288057705908543
5.599999999999997	0.18995461224489818	0.1640102063265312	0.24838059183673494	0.24600946938775536
5.609999999999997	0.16854982540091085	0.29855776696184294	0.2502602063414901	0.22322605228122713
5.6199999999999966	0.25072833424095475	0.23259021562543225	0.24297837666696248	0.23542013905598996
5.629999999999997	0.21872646978095672	0.18990618585413735	0.19840084803245764	0.2353899643182774
5.639999999999997	0.2025092500377247	0.23296826095266499	0.23533916301996907	0.25508034807102287
5.649999999999997	0.20075307886287122	0.20034774900461388	0.25593041146526774	0.25125609084501555
5.659999999999997	0.2101920813095434	0.2196894642709926	0.22054082832848484	0.2630955262270727
5.669999999999997	0.16183607650650586	0.2034408879184042	0.23497771432304085	0.22061288068954168
5.679999999999997	0.21146597897242633	0.24725172207894844	0.19857679031938127	0.22460821265621925
5.689999999999997	0.30422441245239573	0.22634638089207446	0.2674222083573997	0.24496637952069608
5.699999999999997	0.1908771929824564	0.2369736954878371	0.2933273056325027	0.22346812434595287
5.709999999999996	0.24877275680052538	0.19118057795185223	0.1982242724074582	0.20798285369018032
5.719999999999997	0.1855602523350777	0.16621590786835747	0.21446882977162718	0.25750469949630816
5.729999999999997	0.24970075747192633	0.21757137388411846	0.21403313871147558	0.19376737845271072
5.739999999999997	0.1606075295317415	0.23035493450205463	0.19296799038473236	0.25550775655889996
5.7499999999999964	0.21756155644612504	0.20508603010661486	0.21065255682419687	0.24278865784499087
5.759999999999997	0.18989783950617303	0.21446011496913467	0.2565216579861113	0.1984903356481483
5.769999999999997	0.1783923899690326	0.22960018387103048	0.21545448549090068	0.23882087051593603
5.779999999999997	0.22340759329988888	0.16451659324002108	0.1939956226577749	0.21826558590055217
5.7899999999999965	0.22118352349503814	0.2081017830635247	0.23635758633341417	0.23101899827288455
5.799999999999997	0.19747919143876355	0.16578180623067684	0.1908192342449467	0.2188138692033296
5.809999999999997	0.1531032601514987	0.21233874292349972	0.2591143123761337	0.2082138351290584
5.819999999999997	0.18778049385340298	0.19158456626633927	0.23893199182815533	0.27865403573410835
5.8299999999999965	0.2367625477729497	0.20060842432676165	0.19648014498851119	0.2205355089455678
5.839999999999997	0.2116392568962284	0.17624251379245714	0.2542070932632767	0.21789624695064763
5.849999999999997	0.13851385959529564	0.23537126809554476	0.24010606355467914	0.23244695273577343
5.859999999999997	0.1451580146536362	0.19442448596954776	0.2265667579121483	0.2177400598725672
5.8699999999999966	0.21020367589655506	0.1504042441426825	0.1919090388282175	0.22996401417422951
5.879999999999996	0.19736043315285323	0.17488859105002552	0.2005885695774911	0.22182098199824177
5.889999999999997	0.17769737317717882	0.17007367113550498	0.22500234923801118	0.19165002291588015
5.899999999999997	0.17169605975294477	0.265758349899448	0.19921416144786003	0.18432549727089936
5.909999999999997	0.18155836246460608	0.2233176008543193	0.22084270258044408	0.2126428909674448
5.919999999999996	0.13754010226442676	0.2733118108108105	0.1775745571585101	0.20388478816654518
5.929999999999997	0.19202245875859184	0.20158616547750158	0.2121063901788433	0.20984231890322472
5.939999999999997	0.17662662086635167	0.22180657737871984	0.21479830402793387	0.1985253024067841
5.949999999999997	0.16099990226678926	0.20166121673892884	0.23174352093778713	0.23640109483793542
5.959999999999996	0.23230694112877825	0.20781563641277123	0.19282581415251587	0.20078870321156728
5.969999999999997	0.19895352137572303	0.14788696339318066	0.18575333395060187	0.1929598680168011
5.979999999999997	0.1607954094473218	0.19109354105658335	0.21597152604557018	0.20903388552700775
5.989999999999997	0.17754249737319588	0.17562928370879513	0.22322104564925982	0.23154327440558994
5.9999999999999964	0.11896433777777791	0.22584344373332713	0.197197417777778	0.2246158933333336
6.009999999999997	0.2069579918106541	0.22458726588242506	0.18735762082607763	0.20061915664685334
6.019999999999997	0.23483050297458108	0.23152134744649394	0.20621584309223978	0.2147833953267626
6.029999999999997	0.18735553850427267	0.14504537240827592	0.2544869901460088	0.19614310536867924
6.0399999999999965	0.1709422569185564	0.21196095241436547	0.18367615455462502	0.20322470067102344
6.049999999999996	0.20881458916740686	0.18187581652619073	0.23898665282426096	0.21178923188306836
6.059999999999997	0.17683069851539626	0.21696980034636684	0.16346939406811986	0.2186186539446026
6.069999999999997	0.1741093763315956	0.1877005077609107	0.17883434179492977	0.19352615531593267
6.0799999999999965	0.17256952908587278	0.19390535734071765	0.18548512811634368	0.2038846260387814
6.089999999999996	0.1646863549224686	0.1406975077828163	0.21069922050469045	0.1808332656566394
6.099999999999997	0.17082031711905418	0.17493604360118298	0.2126446826122012	0.194724428916958
6.109999999999997	0.2085707302830542	0.21096672875085562	0.21789282253074455	0.21179952266280244
6.1199999999999966	0.1415649707377506	0.1356017290785614	0.24874311162373472	0.21205332991584458
6.129999999999996	0.17273836213205473	0.18457857911642117	0.19987545539946108	0.2136775561581719
6.139999999999997	0.22444960052626575	0.1452955272098361	0.19883467835202515	0.2039720315334913
6.149999999999997	0.17617185960737675	0.1642305012730483	0.220822949302664	0.18852057267499522
6.159999999999997	0.1647168831168833	0.13705894754595987	0.1926025088547818	0.21493369876876395
6.169999999999996	0.16170871656391456	0.1945761768162443	0.22506127994242045	0.21034965129016095
6.179999999999996	0.18675202815219805	0.19541469000115091	0.1674450665577447	0.19466941485740646
6.189999999999997	0.19894373801091464	0.17766518258381592	0.1697417472028731	0.23055513896247296
6.199999999999997	0.21554107804370473	0.12093843496358021	0.22453632049948	0.19630458272632698
6.209999999999996	0.14747470937996754	0.23105541512442515	0.19716829279044526	0.19648850200056553
6.219999999999996	0.1646299604015676	0.16676917583565057	0.24838606300596594	0.17573844770008604
6.229999999999997	0.18767533474695286	0.17895259013369147	0.18696010862367943	0.18383481368307977
6.239999999999997	0.14266114398422103	0.17727087623273766	0.19569848783694957	0.1920213510848128
6.2499999999999964	0.16263256473600016	0.20605452222463763	0.17439221350400017	0.19217029529600022
6.259999999999996	0.14642241525380495	0.16986200924782086	0.21734415988731157	0.17567294144066
6.269999999999997	0.13760362222069614	0.16939558856253037	0.2263863963228357	0.17051772420757577
6.279999999999997	0.16528222645949145	0.22489555779138673	0.19472924256562155	0.2167041421558686
6.2899999999999965	0.1689052206419458	0.18024245713664283	0.20005470009427762	0.17175904013992502
6.299999999999996	0.14594154295792405	0.18236441074325463	0.2285975308641978	0.18113041672965502
6.309999999999997	0.18949674729569216	0.2191813721183095	0.1769323705737128	0.1868506458442692
6.319999999999997	0.16714270149014598	0.20004765966991997	0.16072962666239402	0.187406809806121
6.3299999999999965	0.1568022920519407	0.18919735156193104	0.16482993643449179	0.17570464474941933
6.339999999999996	0.17218814397595777	0.14617881423837098	0.19103231597488302	0.20669248972524376
6.349999999999996	0.14048805108810236	0.17844647386446358	0.2008177707235417	0.1892916917353837
6.359999999999997	0.14039469957675738	0.14688431169652938	0.18112487243384376	0.1671082473003443
6.3699999999999966	0.1643559759370481	0.17252889796903662	0.20947270392760434	0.19309388740884612
6.379999999999996	0.16076848301412153	0.15869015045056598	0.1728224958481149	0.16760942207722035
6.389999999999996	0.18932342348299525	0.19158667483670505	0.14737293061096557	0.1879233485419562
6.399999999999997	0.12875000000000014	0.1765541249999968	0.1798936367187502	0.1803038125000002
6.409999999999997	0.1402062631272803	0.15871029348156473	0.17462357811629176	0.1758325159839469
6.419999999999996	0.15967571743286674	0.12497879873059767	0.15819076290020498	0.1917725953746569
6.429999999999996	0.15605010146354226	0.14859544562932547	0.12972511337553136	0.16224748977503892
6.439999999999997	0.18299392770340667	0.1721612683152631	0.1550842791558969	0.16882489101500728
6.449999999999997	0.16386190637581893	0.15464194645994855	0.17112625058590247	0.17824558043386834
6.459999999999996	0.18277785083725545	0.15335470505803564	0.17914253563247057	0.19648260406981782
6.469999999999996	0.14384958182934449	0.16210187931936432	0.15160280261532857	0.20451518624778756
6.479999999999997	0.1671235482395978	0.21928901371741652	0.19340077732053063	0.18840414570949568
6.489999999999997	0.17613110700117063	0.1780539363961535	0.19027793001441135	0.1786929698647441
6.4999999999999964	0.13984543810650898	0.13673183341065134	0.16415611834319543	0.1664091493491126
6.509999999999996	0.12783563606504011	0.14317559027939694	0.16149510171047282	0.16848473694021507
6.519999999999996	0.1374857013813092	0.16987269374082284	0.16794513907185085	0.19108320222816086
6.529999999999997	0.13394352933451228	0.14625428472663488	0.22021347954663267	0.19283351336393015
6.5399999999999965	0.15189299815765617	0.1423581694769404	0.20676779545305785	0.18404143310046872
6.549999999999996	0.16892294481673584	0.19163331181166265	0.15979658434823163	0.1706873175222891
6.559999999999996	0.12173135038667475	0.16986747932777643	0.2136481856038075	0.1854268292682929
6.569999999999997	0.11711346580207542	0.19609509022376562	0.17067340918199758	0.1834785429828404
6.5799999999999965	0.1596104101033806	0.15161284910523712	0.19853946286527308	0.18148810894208312
6.589999999999996	0.16299124299704587	0.12465161401027985	0.1854849592775187	0.1890159633969713
6.599999999999996	0.17405508172635467	0.17343608830119253	0.1781358126721765	0.16754312580348962
6.609999999999997	0.12378789209033227	0.22369740118694093	0.18839869358533942	0.15017781246495376
6.6199999999999966	0.1598912897837736	0.1502252895099511	0.1916199341006382	0.1682714980695687
6.629999999999996	0.15844465829027995	0.13961333579028168	0.1511395243977625	0.16731844147335248
6.639999999999996	0.1318275511685297	0.16638654376542147	0.1846976157642621	0.15976565539265516
6.649999999999997	0.15571584600599261	0.15850613514839626	0.15995598982418469	0.19239163412290144
6.659999999999997	0.10450199388577777	0.14821062662662837	0.16922933383834302	0.18712963053143253
6.669999999999996	0.15786055757728348	0.15729810091056146	0.12805357201459253	0.17136622932911375
6.679999999999996	0.10161219118648941	0.14205844254006603	0.21923620065258728	0.16320497687260227
6.689999999999996	0.12654823454233066	0.12676088635068755	0.13526424330985068	0.18787660229555322
6.699999999999997	0.13873819915348642	0.12554337675206043	0.1381413232345735	0.1659115384272668
6.709999999999996	0.1082243509587089	0.14183447446145372	0.21376382870507152	0.18150555280394295
6.719999999999996	0.1066687074829933	0.11742409070294708	0.15722971938775526	0.15990265022675754
6.729999999999996	0.11479663788364194	0.16338088500404602	0.16472981504827489	0.19794042774916176
6.739999999999997	0.1382396393381998	0.16173157942748112	0.1719247012829207	0.1794095783180271
6.7499999999999964	0.13365006397805226	0.153836671824415	0.19211601119341581	0.1789274951989028
6.759999999999996	0.17012603200168078	0.13284764202933846	0.1615562620356432	0.18779320051818932
6.769999999999996	0.11433511211378738	0.15686857899892448	0.1630901505250597	0.17979211963458583
6.779999999999997	0.13054148850079633	0.1316658887409593	0.15581625638482105	0.14707029698662574
6.7899999999999965	0.1352070640138297	0.13492182652735724	0.1396453122390418	0.16269357736079887
6.799999999999996	0.12167883737024233	0.16630808733563684	0.17036988235294137	0.17053368858131504
6.809999999999996	0.11641505344347643	0.17008691480309518	0.19295090014037425	0.16123609876639064
6.819999999999997	0.14310690826532294	0.13726114581057813	0.182102651335988	0.16925928053594327
6.8299999999999965	0.17066520325238127	0.1690936631388917	0.1498110146219955	0.15363724846673785
6.839999999999996	0.1604259225060704	0.13434780807769195	0.14576810300605328	0.17569024315173914
6.849999999999996	0.12593721476903416	0.16666895412648122	0.16553871937769746	0.17287748606745182
6.859999999999996	0.13339443259186237	0.18614709231697263	0.17447119482528559	0.13977766406854303
6.8699999999999966	0.11911594532691781	0.11330422043820655	0.14072271695810543	0.17846773495716897
6.879999999999996	0.1175058950784209	0.1766433747971841	0.14708739859383466	0.16962336398053018
6.889999999999996	0.1352875613254945	0.11987159366449006	0.1697461742792084	0.16702379376518017
6.899999999999996	0.13494625162780946	0.13924098688510433	0.11070256164671301	0.18449098928796495
6.909999999999997	0.0902048006098673	0.1189686173900112	0.13517912880303107	0.19839415599783047
6.919999999999996	0.0931591433058239	0.10227248474723573	0.16152794613919627	0.1698639313040865
6.929999999999996	0.13481539784570104	0.1433326823043868	0.1306871227217549	0.1660108818550379
6.939999999999996	0.08760243503392612	0.09366265923643222	0.14223330149739655	0.15070037621772478
6.949999999999997	0.1351289924952126	0.15555400715076578	0.1599087053465143	0.14780054862584768
6.959999999999996	0.13403915973047975	0.1259302359624752	0.12960760998810952	0.1344206500198178
6.969999999999996	0.1341205420237173	0.14156545322132486	0.16631523911660773	0.18435579085607734
6.979999999999996	0.13115604633787917	0.12007498119063074	0.150808019638591	0.15554026650027522
6.989999999999996	0.09678184367203516	0.0892861040890224	0.12920303969905933	0.1705001045843134
6.9999999999999964	0.11983391346938788	0.13951642370611994	0.1602011559183675	0.14090166857142872
7.009999999999996	0.1364340731907344	0.15936955765250618	0.15577340379852722	0.14036568912151193
7.019999999999996	0.12073543558899698	0.1321482700952093	0.18802621407293793	0.13805415215785602
7.029999999999996	0.11157418501079516	0.14664414823687746	0.17184017288232326	0.1701931806179169
7.0399999999999965	0.11436446280991748	0.16329731404958311	0.15077454803719026	0.14355118801652905
7.049999999999996	0.12458919048337622	0.11640597478195079	0.13216111382727241	0.18007961450631274
7.059999999999996	0.15811460167403654	0.10552512181303107	0.1740788418172044	0.14008972064618141
7.069999999999996	0.11781011945607589	0.10462321874005563	0.16575904803250605	0.15682241316877715
7.0799999999999965	0.11509520252800928	0.1544649125091742	0.1597974528392226	0.1473510166299596
7.089999999999996	0.10708792574217059	0.15835959266413077	0.15510181924520736	0.17860679038992938
7.099999999999996	0.10507609125173588	0.12245074815314158	0.13677062804999024	0.1494822646300339
7.109999999999996	0.10386250699773117	0.13018121916992242	0.1534382120624071	0.15357391997562927
7.1199999999999966	0.12127074864284824	0.15191754816310543	0.17828255270799157	0.13490381264991808
7.129999999999996	0.1177148095182831	0.09853490691996718	0.1369362364739	0.14120711215672097
7.139999999999996	0.1204748063931456	0.0983179996390728	0.14996556740343212	0.16764812277852334
7.149999999999996	0.09649726519634225	0.1359546186825748	0.14407488209692423	0.13828226397378862
7.159999999999996	0.10297925782591068	0.15337133347897838	0.15724331637589356	0.1424560282138512
7.169999999999996	0.10809227507299332	0.12427949134099325	0.12747146583568228	0.14352265385954585
7.179999999999996	0.13973145459765227	0.11918001083169762	0.15837860972525059	0.15958285860600105
7.189999999999996	0.14230831029806904	0.13196701628168797	0.18098144811697614	0.16094800188021938
7.199999999999996	0.14994567901234584	0.1357482492592592	0.14110371604938288	0.16846779012345697
7.209999999999996	0.10847496522975306	0.13860398034014149	0.13542440861725039	0.16408089088779085
7.219999999999996	0.13811282602189995	0.12789391106574627	0.11190058701207033	0.14890572049017442
7.229999999999996	0.10470078683218277	0.11212767812001903	0.12108250661432612	0.14144200914814384
7.239999999999996	0.14547756173498994	0.11184593132077766	0.1371813161991394	0.15116578859009205
7.2499999999999964	0.1275752530796672	0.1081753330910788	0.16065138758620706	0.14472384380499417
7.259999999999996	0.12391061327019266	0.13184638924177536	0.1427677223019073	0.16407470649394032
7.269999999999996	0.11687606621396379	0.09899156955247046	0.13774161871912435	0.14963718244410448
7.279999999999996	0.10579282695326662	0.09173300941915105	0.12027389204202404	0.16311126675522297
7.2899999999999965	0.10217263327443694	0.10883061731405605	0.11176999892744455	0.13752261944411528
7.299999999999996	0.08841026534058934	0.10588682604615983	0.12616338074685696	0.14040044736348298
7.309999999999996	0.10075465836765794	0.12432528523600572	0.13562236465610344	0.14017952358050098
7.319999999999996	0.13814952969631838	0.10326800513601136	0.13887381229657517	0.15686415240825363
7.329999999999996	0.10116061635358263	0.10670699444060329	0.12889509816876965	0.150552379817938
7.339999999999996	0.09459734944947255	0.12829316437125388	0.17147480195116174	0.1380046299252353
7.349999999999996	0.094396413346291	0.09723393966587981	0.11130689916238616	0.15402146587070217
7.359999999999996	0.13721172022684325	0.13862874480151277	0.13678550330812872	0.13198161625708899
7.369999999999996	0.09433026111578545	0.15167266750495356	0.11024585276405699	0.13833159403426945
7.379999999999996	0.12180404080463582	0.10029628936332186	0.13200507928114524	0.1466989931037523
7.389999999999996	0.11403070015619261	0.1223290300574372	0.1346953631155002	0.12412333823456718
7.399999999999996	0.09232100511322142	0.08316636891160975	0.12370284587290006	0.12092132651570503
7.409999999999996	0.1160354672625716	0.10711177182237124	0.15791171357231468	0.12787727566606766
7.419999999999996	0.07635975908341275	0.10962373350963373	0.13069418559876794	0.1275533423907122
7.429999999999996	0.10243264637740501	0.10168306375702196	0.12729848256223644	0.1216955277520656
7.439999999999996	0.11213393455890869	0.13011706451612565	0.13896866689790743	0.16056046941843008
7.449999999999996	0.11904229467141135	0.1313291382262034	0.1430216916355121	0.11287443700734215
7.4599999999999955	0.10839551782877774	0.0866385704202573	0.15230528214822234	0.12530156617240132
7.469999999999996	0.09434521378687451	0.10756372792553157	0.13554440878193735	0.15380189495151528
7.479999999999996	0.08618174954960117	0.14606337041379197	0.11780517315336454	0.12181361777574437
7.489999999999996	0.09334628637025615	0.08175351770139222	0.15670093707497865	0.1614039589947257
7.499999999999996	0.09554602666666677	0.09786056886044509	0.12717263928888903	0.14683944960000017
7.509999999999996	0.1107018292520759	0.10679865988889865	0.1288440382197905	0.1308839778652876
7.519999999999996	0.09278153010411959	0.14465333578541817	0.12427572148030798	0.1506525464010866
7.529999999999996	0.10066852836551107	0.09440112658528745	0.11119595209247132	0.13141362906056178
7.539999999999996	0.11260873150447845	0.1088333591033483	0.11274940371071364	0.14622050672276612
7.549999999999996	0.10769744063856859	0.11428496409104519	0.12841026691811774	0.14756854523924404
7.559999999999996	0.10011383779849399	0.0859778683687453	0.1168422384591698	0.12165119677500642
7.569999999999996	0.11698154957080471	0.11916810118506145	0.11680478562915225	0.1251770818900305
7.579999999999996	0.11139308693200424	0.10450652401472835	0.13762532981530362	0.1299858842531034
7.589999999999996	0.10583729440825172	0.1250264815954682	0.14200486112196042	0.14356363358624932
7.599999999999996	0.14557978947368438	0.11807919900276673	0.09735602216066494	0.12787034903047106
7.609999999999996	0.09438211081967338	0.08909277457387801	0.12109822714078763	0.16378290270945123
7.619999999999996	0.07942258871184418	0.11973911218577896	0.1272172966568157	0.12627550375100763
7.6299999999999955	0.09346502750919418	0.12255369420219624	0.12405501770104573	0.12753510131937648
7.639999999999996	0.11160939667224046	0.10186654653106793	0.139437721005455	0.1146886434034156
7.649999999999996	0.1172197195950277	0.12342678457003438	0.12134228305352657	0.11819174095433392
7.659999999999996	0.09063742748263343	0.1199538314665686	0.12653069009946227	0.13071266693480782
7.6699999999999955	0.0866578161413864	0.11572365011074418	0.11500953850913426	0.14579630351748898
7.679999999999996	0.09512569444444453	0.11906718435329723	0.11635506456163204	0.1310225260416668
7.689999999999996	0.0850441851931393	0.12727930035290988	0.1472540231770443	0.15256332426385927
7.699999999999996	0.09334289357395861	0.10210903164782859	0.12374558947545974	0.1399528122786306
7.7099999999999955	0.06946079156720354	0.10930143556046674	0.1262286659231111	0.1383353194009163
7.719999999999996	0.11427459529114888	0.10702680651829466	0.10628805068592455	0.1646401675212759
7.729999999999996	0.11629950412448613	0.11085149942513181	0.10866083487161302	0.12085574022348719
7.739999999999996	0.10166927468301196	0.09929675433500551	0.13416130440878968	0.11641201049616422
7.749999999999996	0.10757025165452666	0.10324707698813586	0.12471888183142574	0.11456912649323635
7.759999999999996	0.11651584652991827	0.11933993782548387	0.1294095971941759	0.11212970560102041
7.769999999999996	0.08747324975278653	0.10585463938952205	0.09706128676939499	0.13629727510190845
7.779999999999996	0.09739355145683691	0.12449952257782879	0.12331911895903425	0.1332509407154329
7.789999999999996	0.0854481065056581	0.09253308002590134	0.11228545467428878	0.1359392499847573
7.799999999999995	0.07819680736357669	0.12549118432609802	0.10722988560157805	0.12408690072320856
7.809999999999996	0.07271804984253098	0.08868784263911875	0.11190786033861193	0.10758878026627942
7.819999999999996	0.11648275456073688	0.10235934343704883	0.1270805162184969	0.1212497668120958
7.829999999999996	0.05989513692139322	0.11497761130276182	0.1049088638028085	0.12819437308449522
7.839999999999995	0.08666039150354028	0.10627280914201984	0.086366732611412	0.11200662224073316
7.849999999999996	0.1113525741409389	0.10902817546188365	0.12972156338999566	0.11977417339445831
7.859999999999996	0.09561732351779562	0.09563605373941858	0.1445223109246419	0.11896726039016128
7.869999999999996	0.07448443561108169	0.13449873274251561	0.09565910079451839	0.09966035497417543
7.8799999999999955	0.08539973717436686	0.08518351681310798	0.10035526553119133	0.12279934035919518
7.889999999999996	0.0991652561118421	0.09975978320409755	0.10978200960288899	0.12557652255907845
7.899999999999996	0.09657873802275287	0.11801835644287433	0.10551036308283938	0.1039383278320783
7.909999999999996	0.09579936101623682	0.08443059657557098	0.10616961934276424	0.11969666587286507
7.9199999999999955	0.11481097847158467	0.08854622997653215	0.14188932506887067	0.12909739822467112
7.929999999999996	0.09569762152758461	0.1478190612754385	0.1267541810514131	0.12938654844008668
7.939999999999996	0.0905465449308099	0.097088133900982	0.12419113121712606	0.13252912206790238
7.949999999999996	0.07900673802460353	0.08677304185119257	0.10468293754202772	0.12679173387128687
7.9599999999999955	0.09210531047195787	0.10041735057195388	0.12582026716497072	0.111738754071867
7.969999999999995	0.09719060277798341	0.09121484654027098	0.10015165654139042	0.10368300449143522
7.979999999999996	0.09532338113454071	0.08143395722388333	0.11568915019378032	0.11222517446498463
7.989999999999996	0.08383521705009868	0.13073605025054388	0.11731027990244387	0.10505618631549773
7.999999999999996	0.1011490400000001	0.10554928509999516	0.12557429000000012	0.1035536400000001
8.009999999999996	0.06698618985942982	0.08121900348658954	0.10042732227661748	0.1211097863002085
8.019999999999996	0.08004328331291478	0.09699411322068495	0.11192337112331402	0.11917681108948339
8.029999999999996	0.07690151719346357	0.10414549176577532	0.11204623756802413	0.12069830538965814
8.039999999999996	0.10078419841093054	0.08698578144104878	0.12231508130986869	0.12047824558798065
8.049999999999995	0.10276360078700682	0.09543616901199789	0.12115179753867533	0.11602815570386958
8.059999999999997	0.08016596124599014	0.09053725800909848	0.12069993904278713	0.1088550117296456
8.069999999999997	0.10050939041749016	0.12448958463506006	0.09331171088170583	0.11571236439518533
8.079999999999997	0.07747569846093527	0.06762597235565046	0.11712203460445064	0.10939589255955308
8.089999999999996	0.0917557233899839	0.0945252192195008	0.10108785679034236	0.10663844848055186
8.099999999999996	0.07110034202103345	0.07490388660264956	0.10393520743789066	0.11888157536960839
8.109999999999996	0.09452026254293244	0.11100729399851376	0.12026727198918702	0.12622829680061923
8.119999999999996	0.08867593001528805	0.08204225475017207	0.12176974932660357	0.10384182096144058
8.129999999999995	0.07962229030408395	0.09754124175868897	0.12098957742344965	0.11538235529956788
8.139999999999995	0.09801946042535736	0.09820961275950682	0.08362374659671967	0.12339393295462107
8.149999999999995	0.06979633949339464	0.1009919314930891	0.0941403988106441	0.12305862862734784
8.159999999999995	0.06629434832756641	0.08664355046135715	0.1148202998846599	0.10982063629373331
8.169999999999996	0.06895369122187789	0.07382659288167864	0.10623132605930595	0.10544055347728588
8.179999999999996	0.0739699069230816	0.08679477564098623	0.11405832102868838	0.10774458784918799
8.189999999999996	0.10023036163402473	0.11996276954682399	0.0986039224105159	0.11272878655735809
8.199999999999996	0.07894637953599057	0.07817141025579838	0.09379244497323033	0.1025389268292684
8.209999999999996	0.07813844914478503	0.10123768969543122	0.101845873470605	0.11369947169385852
8.219999999999995	0.11333312968784236	0.0879007532278373	0.10791766328638844	0.10583859674048826
8.229999999999995	0.08486605475330315	0.0745845643461287	0.10343484835286854	0.11689185964280298
8.239999999999995	0.08996527476670763	0.09190499575831616	0.11438394523517784	0.11403415967574716
8.249999999999996	0.05922251812672181	0.08014471461377466	0.11465080830119384	0.11483656932966033
8.259999999999996	0.07682896657657612	0.08721796537471498	0.10877441739120247	0.09792601469200156
8.269999999999996	0.0676533008543285	0.07647231021933437	0.10393249825639805	0.1058826726166021
8.279999999999996	0.06827532964596614	0.08698309869541733	0.11882157343228558	0.11084315619967805
8.289999999999996	0.07999522729290026	0.092987271713997	0.11092610365213962	0.11600783073186859
8.299999999999995	0.05637105878937443	0.07422969264624661	0.11612754013644953	0.10572368935984915
8.309999999999995	0.08113219020477563	0.06369886753523278	0.10397671690118629	0.10632826122529376
8.319999999999995	0.07245576923076931	0.10774592631286843	0.09757889007026639	0.09472481508875749
8.329999999999995	0.08262242289472821	0.07749156292144692	0.10417155251056019	0.10932989224501341
8.339999999999996	0.0829181834388605	0.08171486490807264	0.10385182271449038	0.11485442782464686
8.349999999999996	0.0839505961490194	0.11121816742658121	0.09084867811682033	0.1286251066728819
8.359999999999996	0.08718115427760362	0.08307618195553942	0.10263961676701552	0.11693871477301356
8.369999999999996	0.0678362051418205	0.07749009514265816	0.11216496076760474	0.11306794562705468
8.379999999999995	0.06988325653191776	0.07630690925660902	0.12371454708050207	0.09533612590495623
8.389999999999995	0.06403831339028111	0.09530415455143496	0.10415000319638154	0.1026462367225869
8.399999999999995	0.06775379591836743	0.08281599310657348	0.12281636281179154	0.10659928344671214
8.409999999999995	0.08953530152796423	0.08501059117380214	0.09728501119074326	0.09373835858732253
8.419999999999996	0.07351638954869365	0.06477690159725794	0.1051502891543154	0.11465695634757204
8.429999999999996	0.09315884269168052	0.056090812223753006	0.08805987991258701	0.09279489818461724
8.439999999999996	0.06297447047460755	0.09871607771613228	0.11476219087621581	0.0922442083511153
8.449999999999996	0.06474909646020804	0.08900513231329286	0.08599445901754148	0.11898760071426083
8.459999999999996	0.07742122517870224	0.06399988294798352	0.09684415829742533	0.10758308826406017
8.469999999999995	0.07132097645833835	0.1126092279299516	0.09445729061107412	0.09746557626124021
8.479999999999995	0.09568088287646861	0.0796228284086849	0.09214509389462454	0.11070198469206137
8.489999999999995	0.06174996982523616	0.087118662354795	0.09712772096598102	0.08344646358703729
8.499999999999995	0.06885517730103814	0.08080276736885611	0.10924744858131501	0.10968502477508664
8.509999999999996	0.06575097466034986	0.06507056165898405	0.0811203276438448	0.11614547011119851
8.519999999999996	0.06510369635654306	0.08859346417156948	0.08333869161762446	0.0962660759549473
8.529999999999996	0.06958934042871935	0.08142388686230893	0.09978207306396714	0.0993086869458735
8.539999999999996	0.059409090161192196	0.0737403159343817	0.09978944874375453	0.09335327676891783
8.549999999999995	0.07505677316097269	0.08859524311754086	0.10260094743681827	0.09841599179234647
8.559999999999995	0.07152890208751865	0.09695051096165516	0.08830088872390612	0.10611563455323621
8.569999999999995	0.0917849348286948	0.09655828571350074	0.07866285392178363	0.0967557142837693
8.579999999999995	0.0770097619552166	0.09760093579147734	0.09728304236555996	0.13117963062578464
8.589999999999995	0.0808210624748436	0.07436544800041969	0.11668557721367012	0.10358995881449733
8.599999999999996	0.08110852568956199	0.06828257704705039	0.11539280475932948	0.09408743320713908
8.609999999999996	0.05188575529359083	0.11637650682497643	0.12942404167695248	0.09244922725782767
8.619999999999996	0.06383772697175409	0.08090051194814712	0.09811634304294237	0.09287856116192321
8.629999999999995	0.0695189923318506	0.09261547854972335	0.10140001852923536	0.08901873413098568
8.639999999999995	0.0693290809327847	0.07668105375514171	0.09748064771947884	0.09740633573388213
8.649999999999995	0.07463426856894657	0.07820075725884428	0.0926833505964116	0.09527576009890083
8.659999999999995	0.055448961805759346	0.08280773882200851	0.09582826512488744	0.09648304913888292
8.669999999999995	0.06860791417727287	0.07474017996272309	0.10243303493865161	0.10328186257880599
8.679999999999996	0.08824481301365508	0.07864093363630263	0.08856781626282155	0.08218663382106232
8.689999999999996	0.06107556084066848	0.08574902578920009	0.08747293040821767	0.10132566485822239
8.699999999999996	0.06712347734178896	0.0869335355053495	0.10516583115338891	0.09315027084159078
8.709999999999996	0.06496177032351277	0.07061700774938133	0.08721801220867323	0.08991552842517089
8.719999999999995	0.051983974412928256	0.06685761434222409	0.10408059927615532	0.0971927868024578
8.729999999999995	0.09837859155077432	0.08227902759768856	0.09844457093221762	0.08431202591687242
8.739999999999995	0.06484165283370609	0.06270724241106923	0.10237540962145703	0.10509999005074136
8.749999999999995	0.06348579317551029	0.06562212124212084	0.08120547996734705	0.09103555604897971
8.759999999999994	0.06566521965763861	0.0880281365275935	0.09256616626008643	0.08621474948395583
8.769999999999996	0.06471040566666975	0.08746041563378501	0.08832037070504435	0.09104236298462294
8.779999999999996	0.05830691206459082	0.06823334050777893	0.09235638876925721	0.0889440880858859
8.789999999999996	0.07503602630458396	0.07749870532886345	0.08942314166605198	0.09613061900675743
8.799999999999995	0.0752540826446282	0.08461342768594626	0.07873554545454554	0.09770244628099184
8.809999999999995	0.058483338379537286	0.0773984289135865	0.10807441033496927	0.10322001955779804
8.819999999999995	0.06857534463520866	0.08047375116335279	0.07562184686421818	0.10022387791095284
8.829999999999995	0.05771307072435299	0.069787108572776	0.0716849923495138	0.09949320818941923
8.839999999999995	0.056195409594398206	0.07626090669723928	0.06773981695706485	0.10848376568866336
8.849999999999996	0.052895259472054694	0.0777872407239262	0.08629186453445697	0.08595052302978079
8.859999999999996	0.07323267889263137	0.07886404516710793	0.08965071720110683	0.09309189040453718
8.869999999999996	0.05519770097703398	0.06514456902089208	0.09390832633212554	0.08093019628378859
8.879999999999995	0.05609557665773889	0.06290454305656695	0.09740411492573665	0.09713506208911625
8.889999999999995	0.0678804688221622	0.09287988701299726	0.08296674389267154	0.10729444061337115
8.899999999999995	0.0635505698775408	0.06070268412573922	0.07924378033076639	0.09217948036864043
8.909999999999995	0.07504878136647693	0.07193058740037504	0.08108716545678771	0.09649946830822263
8.919999999999995	0.06491066379778407	0.05038042598885809	0.09134517886947266	0.113998672806612
8.929999999999994	0.054047736720467456	0.06762783674441715	0.09406847886197124	0.08595231243628129
8.939999999999996	0.06351358347221603	0.06652643026089594	0.07311432618150342	0.08487410276814365
8.949999999999996	0.05386621591086426	0.08284446504915156	0.07267583408757536	0.10455023700883252
8.959999999999996	0.06607729591836742	0.05497120663265047	0.0845413643973215	0.09556807238520418
8.969999999999995	0.08660644660947128	0.07529756597800723	0.08201256709780784	0.089171826812775
8.979999999999995	0.08055337820744944	0.07122013212235774	0.09294741791955409	0.09633808562457538
8.989999999999995	0.0731097338409629	0.07330439242713144	0.08180447388706531	0.08685626273662131
8.999999999999995	0.05140404148148155	0.05304797827160301	0.08966909432098777	0.09233743012345691
9.009999999999994	0.06413539475807503	0.05956835305203855	0.069175171747756	0.10365101792187999
9.019999999999996	0.060253280957320805	0.06718855140338277	0.08752503478350654	0.09559318980732649
9.029999999999996	0.06114232244186665	0.07362637431767126	0.07309473601591356	0.10102017711357132
9.039999999999996	0.0720155376301982	0.07062744741169623	0.0934358916124991	0.10158567624716118
9.049999999999995	0.07421385378956694	0.07464866417508427	0.0875388253105828	0.08379486145111573
9.059999999999995	0.05898844592586101	0.08432060044149889	0.0624473585466525	0.0966572499256856
9.069999999999995	0.07423122133498013	0.07017771080497122	0.0907386338523478	0.08996699394273874
9.079999999999995	0.050711762308603005	0.07811842892351638	0.08649129616332561	0.08472006831104825
9.089999999999995	0.05122336057588162	0.06337379373844744	0.09008308989314784	0.09534983861422455
9.099999999999994	0.06319159521796891	0.08454638958579642	0.0840581456345853	0.08449714961961126
9.109999999999996	0.0507861042195583	0.07653905132656799	0.08500177727759638	0.07934117295501626
9.119999999999996	0.06482474607571567	0.08805754416743442	0.08014277277623892	0.0925830947983996
9.129999999999995	0.07299170482587533	0.06547135844063134	0.08494423185123255	0.09052168494749695
9.139999999999995	0.05467333049236536	0.052548238698769366	0.07774156256434082	0.09561682555339035
9.149999999999995	0.06176210027173108	0.06270206272387704	0.08010983714055371	0.08659472710442243
9.159999999999995	0.07238501172746523	0.07083804015941333	0.08600342480120526	0.09557617131633657
9.169999999999995	0.08184423104595266	0.054814019809985105	0.07739180034463536	0.08151677569810056
9.179999999999994	0.06693418011116341	0.06929395618968875	0.07564592915355453	0.0799760775770004
9.189999999999996	0.061029386864892	0.06399445115746115	0.07298611041712802	0.08684768347105783
9.199999999999996	0.06206959546313806	0.06830909610585756	0.09193559735349727	0.07410401512287342
9.209999999999996	0.07302377508278905	0.05340605198758064	0.08726305660773304	0.08032250079871175
9.219999999999995	0.0499699963768287	0.06000637685687488	0.08238555436874483	0.08187347885620723
9.229999999999995	0.05796918006077978	0.08297676982940821	0.08041522521242976	0.0890175589749851
9.239999999999995	0.055828039204662644	0.05292706590955872	0.08046939712524137	0.09399955772942796
9.249999999999995	0.05872030387143907	0.08171329793308939	0.0849465296128562	0.08456767205259323
9.259999999999994	0.051342468360630576	0.06381450929938409	0.08039930400384393	0.0716691387280811
9.269999999999994	0.06784816711643629	0.07388101926037424	0.08159022865514848	0.09190426483919441
9.279999999999996	0.0716491082045185	0.04765247948870297	0.08154744909334133	0.08601281212841863
9.289999999999996	0.05622465861992657	0.056411642088844395	0.08172746184711974	0.08885420924382512
9.299999999999995	0.058044899525956824	0.06377186512197826	0.06972294785524345	0.07982792739044986
9.309999999999995	0.06791878084039321	0.06358925657245638	0.07894960479301684	0.08704612413341173
9.319999999999995	0.056783392584133126	0.07755082141870129	0.07520211276685893	0.09336181546906383
9.329999999999995	0.049627278460727293	0.06535134152872447	0.09253908734056386	0.08616839500556593
9.339999999999995	0.05370284608577239	0.05877132187317721	0.0732718752435933	0.09119914163483728
9.349999999999994	0.05489160067488352	0.06369952222368185	0.053698745288684326	0.0847462271154452
9.359999999999996	0.062427233545182315	0.0659397717875651	0.06358976367886629	0.08868799035722119
9.369999999999996	0.06162295024083999	0.08592671312996118	0.08161683886333124	0.0952336130318953
9.379999999999995	0.04668801469351389	0.05831892919199073	0.08160951259541471	0.08334460017912275
9.389999999999995	0.06779759130155692	0.06708965478195253	0.08919149526891168	0.08472398683937445
9.399999999999995	0.05764067722951569	0.05628926638297589	0.07478497057492085	0.08371868537799919
9.409999999999995	0.07053678441434663	0.07483230650911608	0.0727733848608836	0.09193545383808358
9.419999999999995	0.054151764552089164	0.08424950670074449	0.07678475845312642	0.09664529820907776
9.429999999999994	0.062007314486718645	0.08819388146177362	0.0811703358676817	0.0884657251231096
9.439999999999994	0.04824808962941688	0.06527511318586489	0.07898896868715896	0.08236874461361687
9.449999999999996	0.05102324167856448	0.05895961656616378	0.08343055838302406	0.07699682494890966
9.459999999999996	0.05957207156872829	0.06466326414545999	0.07475060631388875	0.08090084700686999
9.469999999999995	0.05040877154444263	0.07121150414859627	0.07415727719057243	0.07728110846345217
9.479999999999995	0.05637626448752877	0.07568372098488475	0.07485779522512427	0.08417325571044534
9.489999999999995	0.055061371684019936	0.06797149732678374	0.07054816772355356	0.08096477796493683
9.499999999999995	0.059136822603878175	0.06141879639224178	0.07719225972299178	0.08183827146814412
9.509999999999994	0.05304425094620644	0.07168357922646915	0.09223910367193323	0.08643316405001773
9.519999999999994	0.041848908975354905	0.06485410041663457	0.08490842984252533	0.10384336558152686
9.529999999999996	0.06741691218651219	0.06691440025808715	0.07205614566691153	0.08530265610668916
9.539999999999996	0.06742113049325588	0.05910001513652956	0.08114013774068367	0.07867674010785446
9.549999999999995	0.04981937819686966	0.048721864703268856	0.073150057947973	0.08891053819796615
9.559999999999995	0.04984741863762895	0.05666767535582104	0.05463089931898957	0.07709783792300563
9.569999999999995	0.0539232716310222	0.06535918133229078	0.0934359423878828	0.07495314183888399
9.579999999999995	0.056053200604948616	0.07480062238222314	0.07071785600655513	0.0748510266255814
9.589999999999995	0.04669344957653802	0.0769431191206497	0.07524240078896931	0.09171600326635006
9.599999999999994	0.06017677777777785	0.06271728472222005	0.0791801111111112	0.07359580555555563
9.609999999999994	0.05866660314167199	0.046492546954533934	0.07364527715125058	0.09493822013792876
9.619999999999996	0.06371491132904859	0.07101133926633917	0.06220581688357163	0.0705654695475902
9.629999999999995	0.057798307254178276	0.06658113685490673	0.0698564976832308	0.07742408642083148
9.639999999999995	0.05380667688228514	0.044113704378366675	0.07837075119230048	0.08003754067595263
9.649999999999995	0.03812725130876002	0.06371369421568182	0.07389190625251692	0.0810469237831889
9.659999999999995	0.05735592162510884	0.07497701813630187	0.0749939242741836	0.07457832302423181
9.669999999999995	0.04650696735818735	0.04633042157912084	0.08207235888776371	0.08488162987694228
9.679999999999994	0.05166586981763546	0.05994768246704314	0.05025960658424977	0.08746640256813068
9.689999999999994	0.042328618121519467	0.06405504221793838	0.06321587371573481	0.07719336756265711
9.699999999999994	0.06251036241896064	0.0726475567477918	0.061497742161760086	0.06918189138059314
9.709999999999996	0.04775761766830255	0.054738802474645715	0.057914038103985765	0.07611158869841264
9.719999999999995	0.03694081864214469	0.0747626238547624	0.06633742146353036	0.0762600484343512
9.729999999999995	0.04893795626837253	0.05271407612526942	0.07500080804538582	0.07483886265235361
9.739999999999995	0.0377816662379991	0.06678760822872977	0.07347128671959666	0.0794943420092846
9.749999999999995	0.049629839737015166	0.06483155121735588	0.07186850756081532	0.0666396511768574
9.759999999999994	0.053802848696587004	0.06690766487503058	0.06283832303144324	0.08424238108035484
9.769999999999994	0.05132835817455525	0.05307187949658917	0.08147673920855217	0.07172590293223159
9.779999999999994	0.06371881014214568	0.04822084912659265	0.0697106000727666	0.07669938483027432
9.789999999999996	0.05704559967697547	0.05449896237744209	0.0671805984927607	0.07993366894780177
9.799999999999995	0.052678957101207874	0.043572783606828716	0.06585719950020831	0.07116908621407754
9.809999999999995	0.04396483398641469	0.06716956112726755	0.07644658251944964	0.08635037205373045
9.819999999999995	0.045354011307402964	0.07042148297045098	0.08943055487574725	0.0818646015239692
9.829999999999995	0.05245635622469059	0.0544944893297936	0.05740595784490981	0.07470132186126519
9.839999999999995	0.044634913080838175	0.048574388988035386	0.07933698691255213	0.0801676977989293
9.849999999999994	0.039680719008477465	0.04646506241747759	0.0824943805818239	0.07480866974155487
9.859999999999994	0.043088753296660405	0.0676277310336587	0.06967222411941633	0.07114266505930911
9.869999999999994	0.040356785732249795	0.05193480139072216	0.054384773073255316	0.07996622187731296
9.879999999999995	0.05051729416971272	0.06128410011637444	0.07196570342080683	0.08200374370994451
9.889999999999995	0.05008562171755851	0.05688553009699017	0.07447990586031797	0.07533270996124208
9.899999999999995	0.06545471523313955	0.060085966803386966	0.060644553004795494	0.07279110294867878
9.909999999999995	0.02934174920398626	0.04601586477693619	0.07610020924954262	0.06487106460668729
9.919999999999995	0.048815712799167583	0.04819893828043537	0.06326779396462026	0.0681965660770032
9.929999999999994	0.04320618711646182	0.05040609381480816	0.0673854236452753	0.07943248905480366
9.939999999999994	0.04772681805116418	0.0646935126088522	0.06318798100474078	0.0774786084717562
9.949999999999994	0.05038997439458606	0.0611430226751845	0.0651612215853136	0.07376034180955035
9.959999999999996	0.056294214609441846	0.05866687930839731	0.08009659682908347	0.06797105853131408
9.969999999999995	0.04388851046620306	0.07676687089955656	0.08521790044154538	0.08070494331540264
9.979999999999995	0.05280837265713798	0.058111684627771824	0.06588432335613115	0.062201735736001115
9.989999999999995	0.05644932860788722	0.04810391005219262	0.05636989301613932	0.07052779466152848
