0.1	0.0	0.0	0.0544	0.052
0.11	0.0	0.0248	0.048	0.0424
0.12	0.0	0.0	0.044	0.052
0.13	0.0	0.0	0.0384	0.0584
0.13999999999999999	0.0	0.0024	0.0528	0.0536
0.14999999999999997	0.0048	0.0024	0.0504	0.0544
0.15999999999999998	0.0	0.0	0.04	0.032
0.16999999999999998	0.0	0.0	0.0368	0.0432
0.17999999999999997	0.0	0.0	0.0488	0.0408
0.18999999999999995	0.0	0.0	0.0336	0.0464
0.19999999999999996	0.008	0.0	0.048	0.0544
0.20999999999999996	0.0064	0.0	0.0336	0.06
0.21999999999999995	0.0048	0.0	0.0328	0.0552
0.22999999999999995	0.0048	0.0	0.044	0.0392
0.23999999999999994	0.0024	0.0008	0.0344	0.052
0.24999999999999992	0.0	0.0	0.024	0.0392
0.2599999999999999	0.0	0.0	0.0336	0.0432
0.2699999999999999	0.0	0.0	0.0304	0.0664
0.2799999999999999	0.0	0.0	0.044	0.0624
0.2899999999999999	0.0032	0.0	0.0184	0.0504
0.29999999999999993	0.0	0.0	0.0144	0.0536
0.30999999999999994	0.0	0.0072	0.0104	0.0528
0.3199999999999999	0.0008	0.0	0.0192	0.0552
0.32999999999999985	0.0	0.0	0.0128	0.0736
0.33999999999999986	0.0	0.0	0.0224	0.0728
0.34999999999999987	0.0	0.0	0.0136	0.0792
0.3599999999999999	0.0	0.0	0.0232	0.0824
0.3699999999999999	0.0016	0.0	0.0	0.0496
0.3799999999999999	0.0	0.0	0.0104	0.0816
0.3899999999999999	0.0	0.0	0.0184	0.0696
0.3999999999999998	0.0	0.0	0.0	0.0568
0.4099999999999998	0.0056	0.0	0.0	0.068
0.4199999999999998	0.0	0.0	0.0	0.0696
0.4299999999999998	0.0088	0.0	0.0064	0.072
0.43999999999999984	0.0	0.0	0.0	0.0912
0.44999999999999984	0.0	0.0	0.0088	0.06
0.45999999999999985	0.0	0.0	0.0216	0.1
0.46999999999999986	0.0032	0.0	0.0	0.096
0.47999999999999976	0.0016	0.0	0.0304	0.0976
0.48999999999999977	0.012	0.0	0.0104	0.0744
0.4999999999999998	0.0	0.0	0.0	0.0584
0.5099999999999998	0.0	0.0	0.0072	0.0584
0.5199999999999998	0.0	0.0	0.0	0.068
0.5299999999999998	0.008	0.0	0.0	0.0544
0.5399999999999998	0.0	0.0	0.0	0.0952
0.5499999999999998	0.008	0.0	0.0312	0.0736
0.5599999999999997	0.0	0.0	0.0	0.044
0.5699999999999997	0.0008	0.0	0.0232	0.0808
0.5799999999999997	0.0056	0.0	0.0	0.0752
0.5899999999999997	0.0	0.0	0.0	0.0688
0.5999999999999998	0.0048	0.0	0.0	0.0488
0.6099999999999998	0.0	0.0008	0.0	0.0976
0.6199999999999998	0.0	0.0008	0.0	0.0464
0.6299999999999997	0.0	0.0	0.0	0.0656
0.6399999999999997	0.0016	0.0016	0.0	0.0408
0.6499999999999997	0.0	0.0008	0.0	0.0728
0.6599999999999997	0.0	0.0	0.0	0.0704
0.6699999999999997	0.0	0.0	0.0	0.0624
0.6799999999999997	0.0	0.0	0.0	0.0664
0.6899999999999997	0.0	0.0	0.0	0.0656
0.6999999999999996	0.004	0.0	0.0	0.0432
0.7099999999999996	0.008	0.0072	0.0	0.0584
0.7199999999999996	0.0	0.0	0.0	0.084
0.7299999999999996	0.0	0.0	0.0	0.0608
0.7399999999999997	0.0	0.0	0.0336	0.0456
0.7499999999999997	0.0	0.0	0.0	0.0768
0.7599999999999997	0.0016	0.0	0.0	0.0768
0.7699999999999997	0.0	0.0008	0.0	0.068
0.7799999999999997	0.0096	0.0	0.0	0.0416
0.7899999999999996	0.0	0.0	0.0	0.0752
0.7999999999999996	0.0	0.0016	0.0	0.0696
0.8099999999999996	0.0	0.0	0.008	0.0664
0.8199999999999996	0.0	0.0	0.0	0.0704
0.8299999999999996	0.0	0.0	0.0	0.0536
0.8399999999999996	0.0	0.0	0.0	0.068
0.8499999999999996	0.0	0.0	0.0	0.0352
0.8599999999999995	0.0	0.0	0.0	0.072
0.8699999999999996	0.0	0.0	0.0	0.0816
0.8799999999999996	0.0	0.0	0.0	0.0784
0.8899999999999996	0.0	0.0	0.0024	0.0784
0.8999999999999996	0.0	0.0016	0.0016	0.0592
0.9099999999999996	0.0	0.0	0.0	0.0504
0.9199999999999996	0.016	0.0	0.0144	0.056
0.9299999999999996	0.0016	0.0	0.0	0.0816
0.9399999999999996	0.0	0.0344	0.0176	0.0704
0.9499999999999995	0.008	0.0	0.0	0.0632
0.9599999999999995	0.0	0.0	0.0024	0.0504
0.9699999999999995	0.0	0.0	0.0	0.0824
0.9799999999999995	0.0	0.0	0.0	0.0576
0.9899999999999995	0.0	0.0	0.0008	0.0464
0.9999999999999996	0.004	0.0	0.0216	0.0688
1.0099999999999996	0.0	0.0	0.0	0.0736
1.0199999999999996	0.0112	0.0	0.0008	0.0728
1.0299999999999996	0.0216	0.0	0.0	0.0752
1.0399999999999996	0.0	0.0	0.004	0.0552
1.0499999999999996	0.0168	0.0	0.0	0.0544
1.0599999999999996	0.0	0.0	0.0	0.0264
1.0699999999999996	0.0	0.0	0.0	0.056
1.0799999999999996	0.024	0.0	0.0	0.08
1.0899999999999996	0.0	0.0	0.0	0.0416
1.0999999999999996	0.0	0.0	0.0	0.012
1.1099999999999997	0.0048	0.0064	0.0016	0.0656
1.1199999999999997	0.0	0.0	0.0	0.0624
1.1299999999999997	0.0	0.0	0.04	0.0672
1.1399999999999997	0.0224	0.0	0.0	0.072
1.1499999999999995	0.0	0.012	0.0016	0.0832
1.1599999999999995	0.0	0.0	0.0032	0.0624
1.1699999999999995	0.0208	0.0064	0.0304	0.0384
1.1799999999999995	0.0024	0.0	0.0	0.0664
1.1899999999999995	0.0	0.0	0.0144	0.0752
1.1999999999999995	0.012	0.0	0.0024	0.0312
1.2099999999999995	0.028	0.0	0.008	0.06
1.2199999999999995	0.0	0.02	0.0	0.0752
1.2299999999999995	0.0	0.0	0.0016	0.0432
1.2399999999999995	0.0192	0.044	0.0128	0.0656
1.2499999999999996	0.0256	0.0096	0.0	0.0712
1.2599999999999996	0.0128	0.0	0.0	0.0592
1.2699999999999996	0.0	0.0	0.008	0.0832
1.2799999999999996	0.0208	0.02	0.016	0.0472
1.2899999999999996	0.0088	0.0	0.0016	0.068
1.2999999999999994	0.0	0.0	0.0264	0.0552
1.3099999999999994	0.012	0.02	0.0152	0.0568
1.3199999999999994	0.0224	0.0016	0.004	0.0776
1.3299999999999994	0.008	0.012	0.0024	0.0712
1.3399999999999994	0.0008	0.0	0.0144	0.0672
1.3499999999999994	0.0	0.0232	0.0304	0.0288
1.3599999999999994	0.0	0.0064	0.0224	0.0824
1.3699999999999994	0.032	0.0016	0.0152	0.0624
1.3799999999999994	0.0	0.024	0.0136	0.0704
1.3899999999999995	0.0	0.0456	0.0024	0.0648
1.3999999999999995	0.0	0.0048	0.02	0.0776
1.4099999999999995	0.012	0.0008	0.0144	0.0672
1.4199999999999995	0.0512	0.0	0.0024	0.0696
1.4299999999999995	0.0272	0.0288	0.0048	0.0824
1.4399999999999995	0.0336	0.0072	0.004	0.0488
1.4499999999999995	0.0032	0.0168	0.0168	0.0688
1.4599999999999995	0.0048	0.016	0.0128	0.0608
1.4699999999999993	0.0104	0.0056	0.0384	0.0768
1.4799999999999993	0.0176	0.0	0.0	0.0688
1.4899999999999993	0.0032	0.0	0.0016	0.0664
1.4999999999999993	0.0056	0.0264	0.064	0.072
1.5099999999999993	0.0	0.0152	0.0136	0.08
1.5199999999999994	0.028	0.0	0.0008	0.0344
1.5299999999999994	0.0008	0.0208	0.0168	0.028
1.5399999999999994	0.0248	0.0408	0.0	0.0448
1.5499999999999994	0.0288	0.0264	0.0216	0.0424
1.5599999999999994	0.0296	0.0256	0.0024	0.0592
1.5699999999999994	0.0456	0.0008	0.012	0.0576
1.5799999999999994	0.0288	0.0104	0.0008	0.0752
1.5899999999999994	0.0232	0.028	0.0272	0.06
1.5999999999999994	0.0	0.0	0.0	0.084
1.6099999999999994	0.016	0.0	0.0016	0.0768
1.6199999999999992	0.0064	0.0	0.0256	0.0656
1.6299999999999992	0.072	0.0032	0.0024	0.0544
1.6399999999999992	0.04	0.0056	0.0032	0.0608
1.6499999999999992	0.0032	0.028	0.0208	0.064
1.6599999999999993	0.0032	0.0032	0.028	0.0656
1.6699999999999993	0.0272	0.0496	0.0	0.0904
1.6799999999999993	0.0048	0.0208	0.0576	0.0424
1.6899999999999993	0.0216	0.0288	0.0296	0.0576
1.6999999999999993	0.0472	0.0488	0.0208	0.04
1.7099999999999993	0.0208	0.0216	0.0376	0.048
1.7199999999999993	0.0336	0.0064	0.0312	0.0296
1.7299999999999993	0.0136	0.012	0.0272	0.0736
1.7399999999999993	0.0224	0.0304	0.0312	0.0768
1.7499999999999993	0.024	0.0696	0.0136	0.0608
1.7599999999999993	0.0072	0.024	0.0112	0.0552
1.7699999999999994	0.012	0.0032	0.0128	0.0768
1.7799999999999994	0.0064	0.0032	0.0536	0.0648
1.7899999999999991	0.0112	0.0064	0.0112	0.0416
1.7999999999999992	0.0064	0.0	0.0384	0.0104
1.8099999999999992	0.0832	0.024	0.0016	0.0904
1.8199999999999992	0.0552	0.0368	0.0552	0.0496
1.8299999999999992	0.008	0.0272	0.0024	0.0768
1.8399999999999992	0.0192	0.0	0.076	0.068
1.8499999999999992	0.0136	0.0176	0.0128	0.0624
1.8599999999999992	0.0368	0.028	0.0288	0.0856
1.8699999999999992	0.0144	0.036	0.0096	0.0512
1.8799999999999992	0.0616	0.0152	0.0152	0.0584
1.8899999999999992	0.0312	0.0136	0.0632	0.0448
1.8999999999999992	0.0144	0.0504	0.0288	0.0704
1.9099999999999993	0.016	0.032	0.0312	0.0616
1.9199999999999993	0.0048	0.0128	0.0632	0.0336
1.9299999999999993	0.0248	0.0064	0.0432	0.0488
1.939999999999999	0.008	0.0392	0.0016	0.0432
1.949999999999999	0.0464	0.0112	0.0288	0.0624
1.959999999999999	0.0152	0.032	0.0232	0.0568
1.969999999999999	0.0128	0.016	0.028	0.0608
1.979999999999999	0.0128	0.0376	0.0528	0.084
1.989999999999999	0.028	0.0256	0.0024	0.0776
1.9999999999999991	0.0032	0.0152	0.0408	0.0688
2.009999999999999	0.0432	0.0	0.0152	0.0288
2.019999999999999	0.0016	0.032	0.024	0.0664
2.029999999999999	0.0664	0.096	0.0	0.0376
2.039999999999999	0.0312	0.0752	0.0048	0.0608
2.049999999999999	0.052	0.0848	0.06	0.0584
2.059999999999999	0.0104	0.088	0.052	0.0888
2.069999999999999	0.0024	0.096	0.012	0.0376
2.079999999999999	0.012	0.0104	0.0368	0.0416
2.089999999999999	0.0184	0.0272	0.0016	0.06
2.099999999999999	0.0416	0.0424	0.0144	0.0832
2.109999999999999	0.0816	0.044	0.02	0.048
2.119999999999999	0.06	0.1128	0.0304	0.044
2.129999999999999	0.0824	0.0144	0.0104	0.0952
2.1399999999999992	0.0152	0.008	0.0488	0.0616
2.149999999999999	0.0448	0.0152	0.0104	0.0424
2.1599999999999993	0.0248	0.016	0.0544	0.0536
2.169999999999999	0.0264	0.004	0.0288	0.02
2.1799999999999993	0.1112	0.0328	0.0184	0.04
2.189999999999999	0.016	0.0648	0.004	0.0272
2.199999999999999	0.0216	0.0544	0.0352	0.06
2.209999999999999	0.044	0.0088	0.0216	0.0768
2.219999999999999	0.028	0.0384	0.0368	0.0872
2.229999999999999	0.0352	0.0144	0.0536	0.096
2.239999999999999	0.108	0.0496	0.0408	0.0696
2.249999999999999	0.0288	0.0216	0.036	0.0184
2.259999999999999	0.012	0.0768	0.0016	0.0328
2.269999999999999	0.0128	0.0352	0.036	0.0784
2.279999999999999	0.028	0.0672	0.0064	0.0576
2.289999999999999	0.012	0.0008	0.0208	0.0808
2.299999999999999	0.0272	0.0128	0.0312	0.0664
2.309999999999999	0.008	0.0016	0.0552	0.0512
2.319999999999999	0.0592	0.0568	0.0136	0.052
2.329999999999999	0.0008	0.0176	0.0256	0.0632
2.339999999999999	0.0552	0.12	0.0192	0.0544
2.3499999999999988	0.0512	0.0112	0.0512	0.0528
2.359999999999999	0.0016	0.0624	0.0432	0.0488
2.3699999999999988	0.008	0.04	0.012	0.0672
2.379999999999999	0.008	0.0456	0.0432	0.0392
2.389999999999999	0.0272	0.0184	0.0432	0.0648
2.399999999999999	0.0312	0.0072	0.0192	0.0576
2.409999999999999	0.0704	0.0608	0.1248	0.0192
2.419999999999999	0.1328	0.0464	0.0008	0.0752
2.429999999999999	0.0616	0.0536	0.0264	0.0624
2.439999999999999	0.024	0.0408	0.0304	0.0656
2.449999999999999	0.1376	0.0216	0.012	0.0696
2.459999999999999	0.0008	0.08	0.0112	0.0448
2.469999999999999	0.0304	0.0448	0.0296	0.0264
2.479999999999999	0.032	0.0216	0.0536	0.0672
2.489999999999999	0.0336	0.0352	0.0368	0.0232
2.4999999999999987	0.048	0.0152	0.02	0.0656
2.509999999999999	0.088	0.0536	0.0448	0.0048
2.5199999999999987	0.0728	0.0112	0.0464	0.0632
2.529999999999999	0.0384	0.0544	0.0424	0.0728
2.5399999999999987	0.0664	0.0712	0.0432	0.0664
2.549999999999999	0.0448	0.0576	0.0688	0.0888
2.5599999999999987	0.0896	0.048	0.0504	0.0544
2.569999999999999	0.0672	0.0184	0.0368	0.052
2.5799999999999987	0.0344	0.024	0.024	0.044
2.589999999999999	0.0632	0.0072	0.1048	0.0344
2.5999999999999988	0.0544	0.092	0.1104	0.02
2.609999999999999	0.0368	0.0016	0.008	0.1024
2.6199999999999988	0.0504	0.0136	0.0232	0.008
2.629999999999999	0.1104	0.052	0.0024	0.052
2.639999999999999	0.0352	0.0656	0.0304	0.0312
2.649999999999999	0.0912	0.0184	0.0536	0.0664
2.659999999999999	0.0528	0.132	0.0232	0.0672
2.6699999999999986	0.0416	0.0256	0.0056	0.0576
2.679999999999999	0.02	0.0176	0.0056	0.0512
2.6899999999999986	0.0768	0.0824	0.0208	0.0952
2.699999999999999	0.056	0.0448	0.0368	0.0608
2.7099999999999986	0.0376	0.0568	0.0216	0.0096
2.719999999999999	0.0024	0.0096	0.0032	0.0504
2.7299999999999986	0.0944	0.1016	0.0208	0.0704
2.739999999999999	0.0664	0.0384	0.0392	0.0368
2.7499999999999987	0.0584	0.0192	0.072	0.0608
2.759999999999999	0.0288	0.0408	0.0168	0.0456
2.7699999999999987	0.0096	0.1112	0.0416	0.0512
2.779999999999999	0.0296	0.0464	0.0264	0.04
2.7899999999999987	0.02	0.0984	0.0872	0.0672
2.799999999999999	0.072	0.0224	0.008	0.0512
2.8099999999999987	0.052	0.0328	0.0768	0.096
2.819999999999999	0.0472	0.0088	0.0048	0.0712
2.8299999999999987	0.1168	0.0048	0.0608	0.1096
2.8399999999999985	0.0152	0.0176	0.0792	0.0408
2.8499999999999988	0.0368	0.0544	0.04	0.0616
2.8599999999999985	0.0336	0.0088	0.0704	0.0328
2.8699999999999988	0.0688	0.004	0.08	0.0376
2.8799999999999986	0.0256	0.0368	0.064	0.0264
2.889999999999999	0.0808	0.1016	0.048	0.092
2.8999999999999986	0.128	0.0432	0.0448	0.0408
2.909999999999999	0.0464	0.02	0.08	0.0384
2.9199999999999986	0.0024	0.004	0.0312	0.0696
2.929999999999999	0.1328	0.0048	0.0704	0.0616
2.9399999999999986	0.0784	0.044	0.0528	0.0528
2.949999999999999	0.0608	0.1336	0.0344	0.0592
2.9599999999999986	0.0696	0.0736	0.0384	0.0648
2.969999999999999	0.0512	0.132	0.0936	0.0552
2.9799999999999986	0.1064	0.0464	0.0312	0.072
2.9899999999999984	0.0272	0.0216	0.024	0.0192
2.9999999999999987	0.1616	0.0024	0.0464	0.0632
3.0099999999999985	0.036	0.0016	0.02	0.0944
3.0199999999999987	0.0736	0.0288	0.0376	0.0848
3.0299999999999985	0.0664	0.1456	0.0768	0.0584
3.0399999999999987	0.0024	0.0272	0.0288	0.0368
3.0499999999999985	0.0544	0.0712	0.0064	0.0912
3.0599999999999987	0.0944	0.044	0.012	0.096
3.0699999999999985	0.1112	0.0456	0.0432	0.0888
3.0799999999999987	0.0328	0.0656	0.0392	0.0768
3.0899999999999985	0.0256	0.0688	0.028	0.0408
3.0999999999999988	0.0352	0.0696	0.0008	0.076
3.1099999999999985	0.0544	0.06	0.0704	0.06
3.1199999999999988	0.0376	0.056	0.0336	0.0896
3.1299999999999986	0.1232	0.0144	0.0232	0.0024
3.1399999999999983	0.052	0.0264	0.0448	0.06
3.1499999999999986	0.032	0.0616	0.0152	0.0992
3.1599999999999984	0.0048	0.0864	0.008	0.0816
3.1699999999999986	0.0088	0.0368	0.036	0.0104
3.1799999999999984	0.0816	0.0152	0.0744	0.0664
3.1899999999999986	0.12	0.0376	0.0608	0.0632
3.1999999999999984	0.1008	0.036	0.0544	0.0736
3.2099999999999986	0.1	0.048	0.0144	0.044
3.2199999999999984	0.0704	0.0992	0.1136	0.0736
3.2299999999999986	0.0064	0.008	0.0464	0.0744
3.2399999999999984	0.064	0.0664	0.088	0.0456
3.2499999999999987	0.0472	0.044	0.0536	0.0584
3.2599999999999985	0.0416	0.0712	0.0392	0.0216
3.2699999999999987	0.0568	0.0368	0.1528	0.0464
3.2799999999999985	0.0368	0.0	0.0224	0.068
3.2899999999999987	0.0312	0.0056	0.0744	0.0744
3.2999999999999985	0.0472	0.0632	0.0424	0.0552
3.3099999999999983	0.148	0.0048	0.028	0.0384
3.3199999999999985	0.0272	0.044	0.068	0.0568
3.3299999999999983	0.04	0.156	0.0128	0.0192
3.3399999999999985	0.1248	0.1024	0.028	0.064
3.3499999999999983	0.1016	0.0328	0.0656	0.0256
3.3599999999999985	0.0432	0.0504	0.048	0.0704
3.3699999999999983	0.1368	0.032	0.0664	0.0312
3.3799999999999986	0.0176	0.012	0.0376	0.0296
3.3899999999999983	0.02	0.0104	0.0608	0.0432
3.3999999999999986	0.0224	0.1704	0.004	0.1112
3.4099999999999984	0.0432	0.0536	0.052	0.0328
3.4199999999999986	0.1896	0.0232	0.0624	0.0528
3.4299999999999984	0.036	0.0016	0.0376	0.0376
3.4399999999999986	0.0272	0.0624	0.0136	0.0824
3.4499999999999984	0.1328	0.044	0.028	0.0536
3.4599999999999986	0.04	0.012	0.0216	0.052
3.4699999999999984	0.0872	0.0472	0.0104	0.056
3.479999999999998	0.0008	0.0984	0.0112	0.072
3.4899999999999984	0.0664	0.0456	0.0096	0.064
3.4999999999999982	0.0456	0.0896	0.0608	0.0496
3.5099999999999985	0.0024	0.0408	0.004	0.0536
3.5199999999999982	0.1032	0.024	0.2184	0.1096
3.5299999999999985	0.104	0.0232	0.0504	0.0608
3.5399999999999983	0.0136	0.0144	0.0144	0.1136
3.5499999999999985	0.0896	0.0072	0.0624	0.1064
3.5599999999999983	0.0688	0.0944	0.0304	0.048
3.5699999999999985	0.028	0.0584	0.0744	0.0528
3.5799999999999983	0.0248	0.0464	0.0008	0.0496
3.5899999999999985	0.0928	0.0688	0.0288	0.0216
3.5999999999999983	0.076	0.0208	0.052	0.0264
3.6099999999999985	0.06	0.0704	0.0856	0.044
3.6199999999999983	0.0096	0.0832	0.0208	0.0808
3.629999999999998	0.1728	0.0416	0.0584	0.0296
3.6399999999999983	0.0608	0.0568	0.0032	0.0736
3.649999999999998	0.024	0.0136	0.0528	0.004
3.6599999999999984	0.1064	0.0144	0.0824	0.0736
3.669999999999998	0.0728	0.0984	0.0968	0.0648
3.6799999999999984	0.124	0.1328	0.012	0.0104
3.689999999999998	0.0144	0.016	0.1128	0.088
3.6999999999999984	0.0192	0.14	0.06	0.0656
3.709999999999998	0.188	0.0344	0.0104	0.088
3.7199999999999984	0.0168	0.0976	0.0224	0.036
3.729999999999998	0.108	0.0872	0.0312	0.0672
3.7399999999999984	0.0104	0.1432	0.028	0.0152
3.7499999999999982	0.0216	0.0984	0.064	0.0296
3.7599999999999985	0.0328	0.0592	0.0224	0.0376
3.7699999999999982	0.0664	0.0096	0.0208	0.0776
3.779999999999998	0.0664	0.0552	0.0112	0.0312
3.7899999999999983	0.0696	0.1512	0.04	0.0224
3.799999999999998	0.1104	0.0112	0.0544	0.032
3.8099999999999983	0.004	0.092	0.0464	0.0048
3.819999999999998	0.0808	0.0288	0.0168	0.0288
3.8299999999999983	0.1672	0.1	0.0624	0.0512
3.839999999999998	0.0184	0.0392	0.0152	0.0536
3.8499999999999983	0.048	0.0144	0.0224	0.0376
3.859999999999998	0.0392	0.0528	0.076	0.0208
3.8699999999999983	0.108	0.056	0.004	0.032
3.879999999999998	0.064	0.0128	0.0792	0.0656
3.8899999999999983	0.1352	0.0256	0.0704	0.0472
3.899999999999998	0.016	0.0032	0.0024	0.0432
3.9099999999999984	0.0264	0.1096	0.0968	0.0336
3.919999999999998	0.0488	0.0336	0.012	0.1
3.9299999999999984	0.1288	0.048	0.0064	0.0264
3.939999999999998	0.0272	0.0144	0.1616	0.0272
3.949999999999998	0.1576	0.1824	0.0944	0.0672
3.959999999999998	0.0352	0.0408	0.0448	0.0376
3.969999999999998	0.1096	0.0992	0.0904	0.0704
3.979999999999998	0.1624	0.0552	0.0576	0.052
3.989999999999998	0.012	0.1224	0.1072	0.0776
3.9999999999999982	0.1472	0.0056	0.04	0.08
4.009999999999998	0.0584	0.0408	0.0288	0.02
4.019999999999998	0.0136	0.044	0.0824	0.0224
4.029999999999998	0.1024	0.1456	0.0912	0.0048
4.039999999999998	0.0336	0.0192	0.1128	0.0632
4.049999999999998	0.0432	0.0584	0.0456	0.0928
4.059999999999998	0.004	0.0776	0.0688	0.0848
4.069999999999998	0.0368	0.0064	0.048	0.0144
4.079999999999998	0.1072	0.0256	0.0848	0.028
4.089999999999998	0.0448	0.084	0.0896	0.1032
4.099999999999998	0.0136	0.0176	0.108	0.0792
4.109999999999998	0.072	0.064	0.0192	0.0016
4.119999999999997	0.176	0.0616	0.0864	0.064
4.129999999999997	0.008	0.0944	0.052	0.004
4.139999999999998	0.0248	0.1072	0.004	0.0352
4.149999999999998	0.0632	0.1088	0.0832	0.0824
4.1599999999999975	0.072	0.0632	0.0968	0.0272
4.169999999999997	0.0168	0.0296	0.024	0.052
4.179999999999998	0.0712	0.096	0.0816	0.0096
4.189999999999998	0.0672	0.0648	0.0424	0.0664
4.1999999999999975	0.0272	0.0024	0.0896	0.0312
4.209999999999997	0.084	0.0672	0.0072	0.0872
4.219999999999998	0.0472	0.048	0.0232	0.0296
4.229999999999998	0.0936	0.0736	0.0384	0.0608
4.2399999999999975	0.0088	0.0072	0.004	0.0384
4.249999999999997	0.0056	0.048	0.0448	0.0664
4.259999999999998	0.0376	0.012	0.068	0.0608
4.269999999999998	0.0208	0.048	0.0248	0.0256
4.279999999999998	0.0176	0.132	0.0904	0.0568
4.289999999999997	0.0472	0.0392	0.0016	0.12
4.299999999999997	0.1368	0.04	0.0392	0.1048
4.309999999999998	0.024	0.14	0.0144	0.0736
4.319999999999998	0.0	0.0592	0.0736	0.0336
4.329999999999997	0.0392	0.0536	0.0368	0.044
4.339999999999997	0.0264	0.0512	0.0304	0.0048
4.349999999999998	0.08	0.0416	0.0072	0.0056
4.359999999999998	0.092	0.0032	0.1232	0.0568
4.369999999999997	0.0224	0.0248	0.0336	0.0896
4.379999999999997	0.028	0.0584	0.044	0.0536
4.389999999999998	0.0864	0.0904	0.0552	0.0376
4.399999999999998	0.028	0.156	0.1544	0.0384
4.4099999999999975	0.0792	0.0592	0.0152	0.0288
4.419999999999997	0.0672	0.076	0.052	0.068
4.429999999999997	0.0768	0.0432	0.0576	0.036
4.439999999999998	0.1192	0.0648	0.004	0.0496
4.4499999999999975	0.0064	0.0088	0.0712	0.1168
4.459999999999997	0.0464	0.076	0.0344	0.036
4.469999999999997	0.0768	0.0232	0.008	0.0584
4.479999999999998	0.08	0.0312	0.1704	0.0296
4.4899999999999975	0.0232	0.0288	0.0888	0.0304
4.499999999999997	0.0024	0.1656	0.1032	0.06
4.509999999999997	0.176	0.0128	0.0112	0.0704
4.519999999999998	0.0008	0.052	0.0528	0.0632
4.529999999999998	0.0848	0.1184	0.02	0.0248
4.539999999999997	0.2008	0.048	0.1	0.1
4.549999999999997	0.0552	0.0776	0.032	0.0688
4.559999999999998	0.0072	0.0416	0.0736	0.0184
4.569999999999998	0.0808	0.0336	0.0384	0.0144
4.579999999999997	0.0104	0.0528	0.0656	0.0592
4.589999999999997	0.104	0.0504	0.024	0.0936
4.599999999999997	0.0056	0.0264	0.0168	0.0264
4.609999999999998	0.016	0.1752	0.0696	0.0752
4.619999999999997	0.148	0.056	0.0528	0.0336
4.629999999999997	0.1248	0.0896	0.0288	0.0424
4.639999999999997	0.068	0.1104	0.06	0.0464
4.649999999999998	0.164	0.0904	0.004	0.0064
4.6599999999999975	0.0632	0.0552	0.0344	0.0888
4.669999999999997	0.088	0.0648	0.0248	0.0048
4.679999999999997	0.0864	0.1544	0.044	0.012
4.689999999999998	0.1264	0.0504	0.1208	0.0008
4.6999999999999975	0.0528	0.0816	0.0472	0.0456
4.709999999999997	0.0536	0.0872	0.1272	0.0672
4.719999999999997	0.0296	0.0088	0.0336	0.0488
4.729999999999998	0.028	0.0808	0.0072	0.0128
4.7399999999999975	0.1104	0.0048	0.0008	0.0144
4.749999999999997	0.0448	0.1176	0.052	0.0576
4.759999999999997	0.0544	0.0504	0.0112	0.0432
4.769999999999997	0.044	0.0408	0.0408	0.0504
4.779999999999998	0.1248	0.1016	0.0456	0.056
4.789999999999997	0.0256	0.036	0.0032	0.004
4.799999999999997	0.0872	0.2096	0.1552	0.0312
4.809999999999997	0.0256	0.072	0.1408	0.0672
4.819999999999998	0.0512	0.136	0.1312	0.0448
4.829999999999997	0.0688	0.0592	0.1672	0.0512
4.839999999999997	0.0368	0.0288	0.0864	0.0336
4.849999999999997	0.1456	0.0928	0.076	0.0264
4.859999999999998	0.0024	0.1376	0.0352	0.0904
4.869999999999997	0.1512	0.132	0.0144	0.0504
4.879999999999997	0.016	0.0376	0.0632	0.0704
4.889999999999997	0.0432	0.0944	0.0432	0.0136
4.899999999999997	0.1016	0.0824	0.0808	0.0464
4.9099999999999975	0.02	0.0528	0.112	0.0712
4.919999999999997	0.0832	0.1296	0.1184	0.0112
4.929999999999997	0.0704	0.1648	0.076	0.008
4.939999999999997	0.0712	0.008	0.0528	0.0176
4.9499999999999975	0.0016	0.0696	0.0856	0.0064
4.959999999999997	0.104	0.128	0.0208	0.0392
4.969999999999997	0.132	0.196	0.1552	0.0368
4.979999999999997	0.012	0.0432	0.144	0.0376
4.9899999999999975	0.0248	0.096	0.008	0.0256
4.999999999999997	0.0768	0.0424	0.076	0.0312
5.009999999999997	0.1968	0.0808	0.0032	0.0352
5.019999999999997	0.064	0.0624	0.0264	0.0616
5.029999999999998	0.06	0.1192	0.0088	0.016
5.039999999999997	0.032	0.0816	0.0688	0.056
5.049999999999997	0.0392	0.1384	0.0352	0.0344
5.059999999999997	0.0232	0.0192	0.0048	0.0648
5.069999999999997	0.0368	0.1328	0.1	0.0896
5.079999999999997	0.0488	0.1208	0.0824	0.0536
5.089999999999997	0.076	0.0632	0.0256	0.0216
5.099999999999997	0.0776	0.1184	0.1056	0.0552
5.109999999999997	0.1448	0.0232	0.0056	0.012
5.119999999999997	0.0064	0.0488	0.0528	0.0408
5.129999999999997	0.0528	0.0856	0.0536	0.012
5.139999999999997	0.1032	0.0656	0.0336	0.0944
5.149999999999997	0.0144	0.0264	0.044	0.0376
5.1599999999999975	0.1744	0.0832	0.0536	0.072
5.169999999999997	0.132	0.164	0.0264	0.036
5.179999999999997	0.0856	0.1024	0.0128	0.04
5.189999999999997	0.044	0.0816	0.0112	0.052
5.1999999999999975	0.124	0.084	0.0304	0.052
5.209999999999997	0.1808	0.1448	0.0544	0.0568
5.219999999999997	0.0088	0.0072	0.068	0.0024
5.229999999999997	0.0008	0.04	0.0568	0.048
5.239999999999997	0.1144	0.1104	0.024	0.0544
5.249999999999997	0.0528	0.1032	0.0176	0.032
5.259999999999997	0.0656	0.02	0.172	0.044
5.269999999999997	0.0336	0.0656	0.0608	0.0744
5.279999999999997	0.0352	0.0216	0.1392	0.0152
5.289999999999997	0.0864	0.1216	0.044	0.0472
5.299999999999997	0.1552	0.0832	0.0472	0.0024
5.309999999999997	0.1296	0.0616	0.0848	0.008
5.319999999999997	0.0632	0.0544	0.0312	0.016
5.329999999999997	0.0064	0.0192	0.0192	0.076
5.339999999999997	0.0168	0.088	0.0336	0.0424
5.349999999999997	0.12	0.06	0.0024	0.0376
5.359999999999997	0.0952	0.2736	0.0456	0.064
5.369999999999997	0.0232	0.1048	0.0608	0.0352
5.379999999999997	0.0072	0.0232	0.0656	0.0432
5.389999999999997	0.1208	0.0032	0.112	0.0224
5.399999999999997	0.1776	0.0368	0.0136	0.068
5.409999999999997	0.1296	0.1504	0.0192	0.0624
5.419999999999997	0.0776	0.0552	0.032	0.0376
5.429999999999997	0.0592	0.092	0.108	0.0272
5.439999999999997	0.0536	0.0048	0.0568	0.0488
5.449999999999997	0.1672	0.1352	0.0448	0.0376
5.459999999999997	0.02	0.1376	0.0232	0.0384
5.469999999999997	0.108	0.072	0.1144	0.0912
5.479999999999997	0.044	0.056	0.1256	0.0968
5.489999999999997	0.0744	0.02	0.0136	0.0336
5.499999999999997	0.0376	0.1304	0.08	0.0576
5.509999999999997	0.0976	0.0472	0.008	0.0584
5.519999999999997	0.2384	0.0184	0.0344	0.0256
5.529999999999997	0.0104	0.08	0.1352	0.0488
5.539999999999997	0.0392	0.196	0.0528	0.0216
5.549999999999997	0.2424	0.1448	0.0864	0.0048
5.559999999999997	0.1352	0.0504	0.024	0.0536
5.569999999999997	0.0688	0.0384	0.0672	0.0376
5.5799999999999965	0.2208	0.0328	0.1888	0.0408
5.589999999999997	0.0952	0.1744	0.032	0.012
5.599999999999997	0.044	0.0424	0.0128	0.0176
5.609999999999997	0.0928	0.0032	0.0584	0.0112
5.6199999999999966	0.1056	0.1416	0.0856	0.0056
5.629999999999997	0.0216	0.2696	0.0192	0.0216
5.639999999999997	0.116	0.0888	0.0008	0.0248
5.649999999999997	0.0768	0.1848	0.032	0.0072
5.659999999999997	0.04	0.0048	0.0096	0.1016
5.669999999999997	0.184	0.0568	0.0488	0.0312
5.679999999999997	0.0704	0.0744	0.056	0.0384
5.689999999999997	0.1568	0.0216	0.1048	0.02
5.699999999999997	0.2232	0.0016	0.1328	0.0376
5.709999999999996	0.072	0.0752	0.036	0.012
5.719999999999997	0.0056	0.028	0.0088	0.0448
5.729999999999997	0.2488	0.1872	0.032	0.0152
5.739999999999997	0.072	0.088	0.0456	0.1096
5.7499999999999964	0.0536	0.0064	0.1168	0.016
5.759999999999997	0.0056	0.0544	0.1192	0.0072
5.769999999999997	0.1144	0.0368	0.0048	0.0328
5.779999999999997	0.348	0.1608	0.0568	0.0688
5.7899999999999965	0.0856	0.0448	0.0104	0.0224
5.799999999999997	0.0128	0.0152	0.1392	0.0288
5.809999999999997	0.0152	0.012	0.1184	0.0232
5.819999999999997	0.18	0.1064	0.0576	0.1048
5.8299999999999965	0.0856	0.0768	0.0144	0.0544
5.839999999999997	0.0016	0.0256	0.0272	0.0152
5.849999999999997	0.0448	0.0584	0.1184	0.0128
5.859999999999997	0.0016	0.0616	0.016	0.0488
5.8699999999999966	0.0808	0.04	0.1976	0.076
5.879999999999996	0.0568	0.0824	0.1136	0.0544
5.889999999999997	0.0256	0.1256	0.052	0.0024
5.899999999999997	0.1976	0.084	0.0232	0.0152
5.909999999999997	0.0224	0.1936	0.0032	0.0296
5.919999999999996	0.0416	0.1824	0.0536	0.0264
5.929999999999997	0.2216	0.1104	0.06	0.0184
5.939999999999997	0.0184	0.0672	0.0648	0.024
5.949999999999997	0.096	0.0648	0.06	0.0472
5.959999999999996	0.1312	0.0624	0.0424	0.0008
5.969999999999997	0.0352	0.0992	0.104	0.0384
5.979999999999997	0.0064	0.1232	0.0368	0.0488
5.989999999999997	0.016	0.0176	0.0056	0.0632
5.9999999999999964	0.0168	0.0536	0.0616	0.0064
6.009999999999997	0.188	0.0504	0.0064	0.0104
6.019999999999997	0.1456	0.096	0.0928	0.0128
6.029999999999997	0.1392	0.1192	0.0144	0.0144
6.0399999999999965	0.0288	0.0008	0.0624	0.032
6.049999999999996	0.18	0.0664	0.0472	0.0032
6.059999999999997	0.0728	0.012	0.0016	0.0328
6.069999999999997	0.0704	0.1344	0.0448	0.028
6.0799999999999965	0.1048	0.0432	0.0224	0.0976
6.089999999999996	0.0944	0.0496	0.0968	0.0448
6.099999999999997	0.1776	0.2056	0.0552	0.0144
6.109999999999997	0.036	0.0384	0.1	0.1024
6.1199999999999966	0.0296	0.0952	0.0632	0.0968
6.129999999999996	0.148	0.0808	0.0904	0.0896
6.139999999999997	0.3272	0.0912	0.0256	0.0448
6.149999999999997	0.1096	0.1176	0.0424	0.0096
6.159999999999997	0.072	0.0	0.0408	0.0216
6.169999999999996	0.0712	0.0528	0.0424	0.0512
6.179999999999996	0.1952	0.0144	0.0928	0.0472
6.189999999999997	0.0416	0.2576	0.0648	0.0928
6.199999999999997	0.048	0.004	0.0456	0.0944
6.209999999999996	0.1472	0.0336	0.0056	0.0328
6.219999999999996	0.16	0.0344	0.1864	0.004
6.229999999999997	0.0744	0.0728	0.0192	0.0216
6.239999999999997	0.0176	0.0536	0.0144	0.0408
6.2499999999999964	0.116	0.1216	0.0592	0.0208
6.259999999999996	0.2368	0.0328	0.0216	0.0064
6.269999999999997	0.1016	0.0272	0.1048	0.0168
6.279999999999997	0.068	0.1256	0.1048	0.0904
6.2899999999999965	0.092	0.0224	0.124	0.0416
6.299999999999996	0.0528	0.0376	0.0232	0.0192
6.309999999999997	0.1904	0.1104	0.0696	0.0488
6.319999999999997	0.2488	0.0192	0.0016	0.0232
6.3299999999999965	0.1464	0.18	0.1712	0.024
6.339999999999996	0.0304	0.0232	0.1584	0.052
6.349999999999996	0.036	0.0536	0.1072	0.0256
6.359999999999997	0.1472	0.0264	0.0264	0.02
6.3699999999999966	0.0952	0.052	0.136	0.0624
6.379999999999996	0.0624	0.132	0.06	0.072
6.389999999999996	0.1232	0.1048	0.2032	0.0936
6.399999999999997	0.0072	0.008	0.0184	0.0448
6.409999999999997	0.1488	0.1152	0.0608	0.0408
6.419999999999996	0.0896	0.124	0.04	0.0168
6.429999999999996	0.1248	0.148	0.0632	0.008
6.439999999999997	0.0472	0.0408	0.0128	0.0056
6.449999999999997	0.06	0.0632	0.0024	0.0472
6.459999999999996	0.0048	0.0232	0.0352	0.1256
6.469999999999996	0.032	0.024	0.072	0.0648
6.479999999999997	0.0648	0.0968	0.0064	0.1248
6.489999999999997	0.0544	0.1176	0.088	0.052
6.4999999999999964	0.0672	0.2448	0.012	0.0288
6.509999999999996	0.0216	0.0408	0.112	0.036
6.519999999999996	0.24	0.032	0.0144	0.0944
6.529999999999997	0.0624	0.0232	0.0056	0.0416
6.5399999999999965	0.0904	0.0752	0.1376	0.0448
6.549999999999996	0.208	0.0	0.0736	0.0232
6.559999999999996	0.0864	0.0696	0.0432	0.0384
6.569999999999997	0.0264	0.072	0.1176	0.0008
6.5799999999999965	0.0328	0.024	0.2664	0.0208
6.589999999999996	0.0208	0.0784	0.1512	0.0112
6.599999999999996	0.0688	0.0304	0.0504	0.0768
6.609999999999997	0.2824	0.0664	0.0264	0.004
6.6199999999999966	0.128	0.0312	0.004	0.0496
6.629999999999996	0.0504	0.172	0.0656	0.0104
6.639999999999996	0.2024	0.128	0.1496	0.04
6.649999999999997	0.0384	0.1312	0.104	0.0744
6.659999999999997	0.076	0.2696	0.1608	0.0464
6.669999999999996	0.0248	0.0048	0.12	0.0528
6.679999999999996	0.2176	0.0816	0.1104	0.0888
6.689999999999996	0.124	0.1648	0.0344	0.0456
6.699999999999997	0.0296	0.1144	0.164	0.0024
6.709999999999996	0.2048	0.0112	0.1432	0.0848
6.719999999999996	0.1304	0.0208	0.0704	0.0184
6.729999999999996	0.0144	0.0544	0.0104	0.0376
6.739999999999997	0.1488	0.0152	0.132	0.0352
6.7499999999999964	0.0736	0.032	0.0256	0.0128
6.759999999999996	0.1808	0.0016	0.1408	0.0112
6.769999999999996	0.212	0.1336	0.0552	0.0592
6.779999999999997	0.0248	0.06	0.2288	0.0656
6.7899999999999965	0.1392	0.0016	0.1344	0.0368
6.799999999999996	0.0056	0.0664	0.0432	0.0872
6.809999999999996	0.0984	0.0352	0.1512	0.0704
6.819999999999997	0.02	0.1664	0.056	0.04
6.8299999999999965	0.0128	0.0336	0.0256	0.0056
6.839999999999996	0.2472	0.1488	0.236	0.0704
6.849999999999996	0.0696	0.06	0.0784	0.0704
6.859999999999996	0.0128	0.0832	0.008	0.0088
6.8699999999999966	0.284	0.1008	0.1256	0.0936
6.879999999999996	0.1592	0.056	0.0208	0.0592
6.889999999999996	0.1224	0.0728	0.0224	0.056
6.899999999999996	0.044	0.0832	0.0712	0.1456
6.909999999999997	0.1352	0.016	0.1824	0.1144
6.919999999999996	0.0272	0.0152	0.0248	0.096
6.929999999999996	0.0176	0.0264	0.1304	0.0584
6.939999999999996	0.1576	0.0256	0.0464	0.0024
6.949999999999997	0.044	0.1096	0.0984	0.0512
6.959999999999996	0.0624	0.0256	0.1296	0.0152
6.969999999999996	0.044	0.0624	0.024	0.0784
6.979999999999996	0.0296	0.1112	0.0024	0.1072
6.989999999999996	0.104	0.0384	0.052	0.0992
6.9999999999999964	0.0672	0.0472	0.1088	0.0208
7.009999999999996	0.1584	0.108	0.0288	0.0808
7.019999999999996	0.1912	0.1608	0.1008	0.0144
7.029999999999996	0.128	0.0608	0.016	0.104
7.0399999999999965	0.1136	0.168	0.0416	0.0352
7.049999999999996	0.1168	0.0408	0.1144	0.0264
7.059999999999996	0.136	0.1632	0.1024	0.0616
7.069999999999996	0.1656	0.0776	0.1384	0.0712
7.0799999999999965	0.164	0.0504	0.2128	0.0128
7.089999999999996	0.0432	0.112	0.0552	0.0232
7.099999999999996	0.0272	0.0024	0.1744	0.0464
7.109999999999996	0.0224	0.0232	0.1608	0.0032
7.1199999999999966	0.0512	0.0392	0.1088	0.0344
7.129999999999996	0.1696	0.3368	0.0704	0.0528
7.139999999999996	0.3552	0.0104	0.0576	0.0352
7.149999999999996	0.2416	0.0912	0.136	0.016
7.159999999999996	0.0336	0.1792	0.0536	0.0256
7.169999999999996	0.0912	0.0984	0.052	0.0584
7.179999999999996	0.0496	0.2176	0.0432	0.012
7.189999999999996	0.0624	0.0704	0.0456	0.0432
7.199999999999996	0.1496	0.1848	0.128	0.06
7.209999999999996	0.0192	0.0256	0.0312	0.0432
7.219999999999996	0.0648	0.1048	0.1208	0.0208
7.229999999999996	0.1232	0.1848	0.088	0.0184
7.239999999999996	0.1808	0.0232	0.0584	0.0208
7.2499999999999964	0.004	0.0072	0.2072	0.0696
7.259999999999996	0.1424	0.1128	0.016	0.02
7.269999999999996	0.0928	0.1696	0.0264	0.0384
7.279999999999996	0.1936	0.1256	0.0256	0.0256
7.2899999999999965	0.0816	0.0248	0.0088	0.0288
7.299999999999996	0.1136	0.028	0.0184	0.0024
7.309999999999996	0.04	0.1464	0.0896	0.0208
7.319999999999996	0.0936	0.2144	0.0216	0.1016
7.329999999999996	0.0928	0.1232	0.0248	0.0768
7.339999999999996	0.2176	0.0384	0.1712	0.0064
7.349999999999996	0.0392	0.0608	0.0712	0.0656
7.359999999999996	0.272	0.3024	0.0096	0.0288
7.369999999999996	0.16	0.0088	0.036	0.0304
7.379999999999996	0.0144	0.2776	0.0744	0.0976
7.389999999999996	0.0104	0.1296	0.0904	0.0296
7.399999999999996	0.1368	0.1248	0.2504	0.0216
7.409999999999996	0.1776	0.0136	0.0984	0.0984
7.419999999999996	0.0152	0.0872	0.0576	0.04
7.429999999999996	0.0312	0.0064	0.0952	0.0328
7.439999999999996	0.112	0.1256	0.0432	0.1208
7.449999999999996	0.0736	0.0824	0.0416	0.0392
7.4599999999999955	0.1288	0.0848	0.0512	0.048
7.469999999999996	0.0952	0.0408	0.1352	0.0872
7.479999999999996	0.1648	0.0	0.028	0.0328
7.489999999999996	0.008	0.2304	0.0448	0.1304
7.499999999999996	0.0744	0.0816	0.1192	0.1144
7.509999999999996	0.2152	0.0552	0.1408	0.02
7.519999999999996	0.128	0.068	0.0872	0.0056
7.529999999999996	0.1776	0.2096	0.0856	0.0056
7.539999999999996	0.1584	0.0344	0.0656	0.0664
7.549999999999996	0.1592	0.0112	0.1664	0.0176
7.559999999999996	0.0824	0.0328	0.0304	0.048
7.569999999999996	0.2992	0.1872	0.0456	0.0376
7.579999999999996	0.0384	0.0936	0.0176	0.0352
7.589999999999996	0.1592	0.1256	0.0472	0.0688
7.599999999999996	0.024	0.0264	0.0928	0.0264
7.609999999999996	0.012	0.0736	0.0024	0.0984
7.619999999999996	0.0608	0.0648	0.0568	0.0336
7.6299999999999955	0.1608	0.044	0.0256	0.0488
7.639999999999996	0.208	0.0184	0.1992	0.0296
7.649999999999996	0.1872	0.012	0.0608	0.02
7.659999999999996	0.044	0.1648	0.0312	0.0136
7.6699999999999955	0.1	0.264	0.0168	0.0392
7.679999999999996	0.0816	0.0376	0.1624	0.0448
7.689999999999996	0.1104	0.1728	0.092	0.0936
7.699999999999996	0.0288	0.0504	0.0184	0.0256
7.7099999999999955	0.224	0.1232	0.008	0.1192
7.719999999999996	0.0072	0.1048	0.1216	0.1264
7.729999999999996	0.2784	0.032	0.0016	0.0448
7.739999999999996	0.084	0.044	0.116	0.044
7.749999999999996	0.0968	0.0072	0.1048	0.0064
7.759999999999996	0.0872	0.02	0.1376	0.0224
7.769999999999996	0.0824	0.2376	0.0192	0.016
7.779999999999996	0.0216	0.0656	0.0344	0.0328
7.789999999999996	0.1144	0.0368	0.0048	0.0472
7.799999999999995	0.1608	0.0424	0.0416	0.06
7.809999999999996	0.0776	0.0864	0.04	0.0288
7.819999999999996	0.0904	0.0192	0.0344	0.0648
7.829999999999996	0.228	0.0112	0.0448	0.1072
7.839999999999995	0.2024	0.0088	0.08	0.0064
7.849999999999996	0.0864	0.1016	0.016	0.0296
7.859999999999996	0.1832	0.0512	0.0864	0.0784
7.869999999999996	0.224	0.104	0.056	0.028
7.8799999999999955	0.08	0.0816	0.0296	0.0008
7.889999999999996	0.0424	0.112	0.0016	0.1096
7.899999999999996	0.1808	0.1272	0.048	0.0056
7.909999999999996	0.0264	0.1288	0.024	0.0016
7.9199999999999955	0.0272	0.056	0.1272	0.016
7.929999999999996	0.1624	0.0424	0.0632	0.0408
7.939999999999996	0.1184	0.1384	0.0032	0.0112
7.949999999999996	0.008	0.0608	0.1984	0.02
7.9599999999999955	0.0272	0.06	0.1152	0.0976
7.969999999999995	0.0384	0.1352	0.18	0.0032
7.979999999999996	0.1264	0.0192	0.1048	0.004
7.989999999999996	0.0608	0.0688	0.0104	0.028
7.999999999999996	0.0704	0.1784	0.208	0.0512
8.009999999999996	0.0408	0.0968	0.0104	0.0312
8.019999999999996	0.1632	0.064	0.0568	0.0624
8.029999999999996	0.0424	0.22	0.072	0.0032
8.039999999999996	0.0168	0.2152	0.0512	0.0416
8.049999999999995	0.2088	0.0936	0.108	0.0016
8.059999999999997	0.1696	0.1136	0.1816	0.0
8.069999999999997	0.0616	0.0896	0.0544	0.012
8.079999999999997	0.0648	0.1552	0.0232	0.0568
8.089999999999996	0.0336	0.152	0.052	0.028
8.099999999999996	0.1216	0.076	0.0552	0.0184
8.109999999999996	0.0464	0.1768	0.1328	0.056
8.119999999999996	0.0752	0.0808	0.056	0.016
8.129999999999995	0.0352	0.0344	0.084	0.0888
8.139999999999995	0.3112	0.0968	0.0488	0.0712
8.149999999999995	0.1056	0.0632	0.1072	0.0584
8.159999999999995	0.0456	0.2008	0.1392	0.076
8.169999999999996	0.044	0.1888	0.076	0.044
8.179999999999996	0.0632	0.0448	0.0968	0.0288
8.189999999999996	0.144	0.0736	0.0744	0.0248
8.199999999999996	0.0416	0.0872	0.0456	0.0288
8.209999999999996	0.1424	0.012	0.2192	0.024
8.219999999999995	0.1024	0.0336	0.0088	0.0208
8.229999999999995	0.0912	0.1744	0.0584	0.1232
8.239999999999995	0.0032	0.032	0.108	0.016
8.249999999999996	0.1296	0.0976	0.1144	0.0208
8.259999999999996	0.208	0.0616	0.0584	0.024
8.269999999999996	0.0048	0.2248	0.0376	0.0256
8.279999999999996	0.1528	0.0488	0.0368	0.0416
8.289999999999996	0.1312	0.2	0.0768	0.0128
8.299999999999995	0.1232	0.1944	0.032	0.0288
8.309999999999995	0.024	0.1584	0.0688	0.0448
8.319999999999995	0.1936	0.2168	0.0712	0.1248
8.329999999999995	0.1704	0.2256	0.0976	0.0288
8.339999999999996	0.0016	0.0072	0.2496	0.052
8.349999999999996	0.2264	0.0224	0.132	0.0592
8.359999999999996	0.0064	0.0576	0.1896	0.0816
8.369999999999996	0.0408	0.2104	0.1064	0.068
8.379999999999995	0.2104	0.0536	0.0656	0.0368
8.389999999999995	0.0904	0.1048	0.1256	0.0776
8.399999999999995	0.1808	0.0288	0.0176	0.0232
8.409999999999995	0.008	0.1968	0.0896	0.0472
8.419999999999996	0.1472	0.0496	0.128	0.0928
8.429999999999996	0.1184	0.0192	0.0776	0.0224
8.439999999999996	0.0128	0.1232	0.06	0.0136
8.449999999999996	0.0088	0.116	0.1656	0.0536
8.459999999999996	0.0968	0.0136	0.0296	0.0512
8.469999999999995	0.2192	0.08	0.1736	0.0344
8.479999999999995	0.04	0.112	0.0088	0.0328
8.489999999999995	0.064	0.1296	0.0392	0.068
8.499999999999995	0.1272	0.0904	0.1272	0.0424
8.509999999999996	0.1568	0.1416	0.2632	0.08
8.519999999999996	0.1456	0.0632	0.0296	0.0136
8.529999999999996	0.0416	0.1392	0.0424	0.0176
8.539999999999996	0.0904	0.0488	0.0704	0.0088
8.549999999999995	0.032	0.296	0.1096	0.0432
8.559999999999995	0.12	0.008	0.044	0.0392
8.569999999999995	0.0192	0.3696	0.0904	0.0456
8.579999999999995	0.1328	0.1168	0.0856	0.1304
8.589999999999995	0.244	0.0872	0.0912	0.0856
8.599999999999996	0.0576	0.2056	0.0	0.036
8.609999999999996	0.096	0.0128	0.1848	0.016
8.619999999999996	0.0136	0.056	0.0712	0.0344
8.629999999999995	0.1136	0.1256	0.1136	0.0416
8.639999999999995	0.036	0.1016	0.1	0.0776
8.649999999999995	0.2184	0.116	0.0128	0.0752
8.659999999999995	0.1904	0.0568	0.072	0.0144
8.669999999999995	0.0872	0.0832	0.0368	0.0272
8.679999999999996	0.0344	0.1944	0.0328	0.0176
8.689999999999996	0.0984	0.0936	0.1208	0.0024
8.699999999999996	0.044	0.1384	0.0344	0.076
8.709999999999996	0.1048	0.0312	0.0088	0.0368
8.719999999999995	0.1976	0.0864	0.0656	0.0584
8.729999999999995	0.2944	0.2624	0.0896	0.0128
8.739999999999995	0.232	0.0504	0.0768	0.0552
8.749999999999995	0.1344	0.0072	0.0792	0.0096
8.759999999999994	0.24	0.0128	0.1256	0.032
8.769999999999996	0.2512	0.0832	0.0136	0.0624
8.779999999999996	0.2128	0.0696	0.0392	0.0696
8.789999999999996	0.1632	0.0344	0.2456	0.04
8.799999999999995	0.2496	0.324	0.0384	0.0416
8.809999999999995	0.0032	0.0336	0.048	0.04
8.819999999999995	0.0264	0.276	0.0088	0.0648
8.829999999999995	0.1704	0.0368	0.0736	0.048
8.839999999999995	0.2792	0.0944	0.0512	0.0488
8.849999999999996	0.0912	0.0432	0.0336	0.028
8.859999999999996	0.2632	0.052	0.0904	0.0256
8.869999999999996	0.2168	0.0264	0.0752	0.0384
8.879999999999995	0.0752	0.036	0.0448	0.0152
8.889999999999995	0.092	0.0416	0.0008	0.0376
8.899999999999995	0.0656	0.2112	0.056	0.0792
8.909999999999995	0.048	0.2288	0.1032	0.0568
8.919999999999995	0.1504	0.2184	0.0352	0.0464
8.929999999999994	0.1432	0.0704	0.0888	0.0056
8.939999999999996	0.1552	0.1832	0.0216	0.0136
8.949999999999996	0.0728	0.3432	0.1832	0.1408
8.959999999999996	0.0576	0.1584	0.0184	0.0536
8.969999999999995	0.1888	0.0496	0.0648	0.0208
8.979999999999995	0.0312	0.0384	0.1464	0.036
8.989999999999995	0.0792	0.0016	0.0304	0.0024
8.999999999999995	0.1072	0.156	0.148	0.0304
9.009999999999994	0.0008	0.1032	0.0128	0.048
9.019999999999996	0.0624	0.1528	0.0296	0.0208
9.029999999999996	0.1312	0.1512	0.048	0.0752
9.039999999999996	0.0888	0.2144	0.0544	0.0728
9.049999999999995	0.0912	0.0592	0.0624	0.0088
9.059999999999995	0.188	0.1176	0.0	0.096
9.069999999999995	0.2592	0.2392	0.0504	0.0408
9.079999999999995	0.0696	0.0296	0.1216	0.0328
9.089999999999995	0.0504	0.0096	0.0592	0.084
9.099999999999994	0.0424	0.0088	0.0656	0.004
9.109999999999996	0.056	0.1808	0.068	0.0056
9.119999999999996	0.1016	0.1152	0.0488	0.0072
9.129999999999995	0.044	0.0024	0.06	0.0168
9.139999999999995	0.0352	0.1248	0.06	0.064
9.149999999999995	0.052	0.1896	0.0064	0.0008
9.159999999999995	0.044	0.1104	0.1296	0.0248
9.169999999999995	0.016	0.3384	0.1392	0.0656
9.179999999999994	0.1912	0.1992	0.0416	0.032
9.189999999999996	0.248	0.3024	0.0448	0.0152
9.199999999999996	0.1272	0.1824	0.2728	0.0816
9.209999999999996	0.0248	0.0944	0.096	0.032
9.219999999999995	0.0592	0.1224	0.0376	0.0432
9.229999999999995	0.14	0.0704	0.108	0.0744
9.239999999999995	0.1888	0.0136	0.0344	0.0208
9.249999999999995	0.052	0.1944	0.1824	0.0376
9.259999999999994	0.0184	0.0048	0.0928	0.0416
9.269999999999994	0.0824	0.024	0.0584	0.0048
9.279999999999996	0.0456	0.0672	0.1208	0.0224
9.289999999999996	0.0208	0.012	0.1792	0.0064
9.299999999999995	0.0416	0.0344	0.0424	0.064
9.309999999999995	0.3096	0.1472	0.072	0.0296
9.319999999999995	0.2008	0.0176	0.0296	0.0648
9.329999999999995	0.1896	0.0448	0.1576	0.0192
9.339999999999995	0.092	0.0976	0.0008	0.0928
9.349999999999994	0.1344	0.1488	0.0296	0.0816
9.359999999999996	0.2032	0.0656	0.0168	0.0392
9.369999999999996	0.232	0.076	0.1112	0.0912
9.379999999999995	0.036	0.0672	0.1688	0.0568
9.389999999999995	0.1872	0.0416	0.1176	0.0328
9.399999999999995	0.1392	0.1472	0.008	0.0136
9.409999999999995	0.0	0.064	0.008	0.0392
9.419999999999995	0.0192	0.0384	0.1832	0.14
9.429999999999994	0.016	0.3152	0.192	0.0544
9.439999999999994	0.112	0.1184	0.1872	0.0144
9.449999999999996	0.0408	0.1064	0.1424	0.0032
9.459999999999996	0.1296	0.0368	0.0016	0.0368
9.469999999999995	0.2944	0.0464	0.0184	0.0096
9.479999999999995	0.0648	0.1656	0.0728	0.0056
9.489999999999995	0.0008	0.1504	0.1056	0.0312
9.499999999999995	0.0728	0.2816	0.0984	0.06
9.509999999999994	0.0808	0.1032	0.076	0.016
9.519999999999994	0.088	0.1344	0.0344	0.0616
9.529999999999996	0.2024	0.2456	0.0152	0.0448
9.539999999999996	0.0288	0.0008	0.0848	0.0456
9.549999999999995	0.1544	0.0448	0.0128	0.1304
9.559999999999995	0.1288	0.1384	0.176	0.0
9.569999999999995	0.0512	0.0576	0.1384	0.0672
9.579999999999995	0.0984	0.008	0.1656	0.0192
9.589999999999995	0.1032	0.0048	0.02	0.048
9.599999999999994	0.264	0.0	0.0976	0.0384
9.609999999999994	0.0304	0.0072	0.1216	0.1328
9.619999999999996	0.0736	0.1568	0.2032	0.0696
9.629999999999995	0.128	0.1376	0.0712	0.0408
9.639999999999995	0.108	0.2544	0.0352	0.0024
9.649999999999995	0.1304	0.0248	0.0448	0.0064
9.659999999999995	0.1216	0.2072	0.0368	0.0088
9.669999999999995	0.0728	0.1864	0.0688	0.0944
9.679999999999994	0.1792	0.0248	0.0032	0.0448
9.689999999999994	0.1136	0.2152	0.0456	0.0384
9.699999999999994	0.004	0.1056	0.1536	0.0408
9.709999999999996	0.0784	0.2696	0.0376	0.0352
9.719999999999995	0.0536	0.0112	0.008	0.0008
9.729999999999995	0.176	0.2992	0.152	0.0256
9.739999999999995	0.0968	0.0616	0.036	0.0304
9.749999999999995	0.1312	0.0552	0.088	0.0152
9.759999999999994	0.1168	0.2208	0.0816	0.08
9.769999999999994	0.0432	0.1264	0.1312	0.004
9.779999999999994	0.0288	0.2848	0.1528	0.0184
9.789999999999996	0.0536	0.132	0.048	0.0024
9.799999999999995	0.1472	0.0352	0.0432	0.0264
9.809999999999995	0.1496	0.1328	0.1056	0.1464
9.819999999999995	0.3024	0.2704	0.1464	0.0272
9.829999999999995	0.2216	0.276	0.0688	0.0448
9.839999999999995	0.292	0.0616	0.02	0.0824
9.849999999999994	0.2608	0.2896	0.0488	0.0008
9.859999999999994	0.0048	0.092	0.0936	0.052
9.869999999999994	0.2008	0.2328	0.1496	0.0264
9.879999999999995	0.3008	0.0944	0.0352	0.072
9.889999999999995	0.032	0.0416	0.052	0.0512
9.899999999999995	0.012	0.2456	0.268	0.036
9.909999999999995	0.1664	0.0928	0.0224	0.0776
9.919999999999995	0.0656	0.164	0.1104	0.0752
9.929999999999994	0.0376	0.02	0.0424	0.0048
9.939999999999994	0.0728	0.2584	0.1168	0.0416
9.949999999999994	0.1488	0.0016	0.0704	0.012
9.959999999999996	0.0288	0.0464	0.044	0.0416
9.969999999999995	0.0488	0.0648	0.0288	0.0688
9.979999999999995	0.016	0.0512	0.0576	0.0432
9.989999999999995	0.0928	0.0808	0.0736	0.0136
