0.1	10.0	10.0	9.9704064	9.972959999999999
0.11	9.090909090909092	9.085317818181817	9.069963636363637	9.074565818181819
0.12	8.333333333333334	8.333333333333334	8.3172	8.3108
0.13	7.692307692307692	7.692307692307692	7.680964923076923	7.666072615384616
0.13999999999999999	7.142857142857143	7.142816000000001	7.122944000000001	7.122336000000001
0.14999999999999997	6.666513066666668	6.6666282666666685	6.649732266666668	6.646937600000002
0.15999999999999998	6.250000000000001	6.250000000000001	6.240000000000001	6.243600000000001
0.16999999999999998	5.882352941176471	5.882352941176471	5.874386823529413	5.87137505882353
0.17999999999999997	5.555555555555556	5.555555555555556	5.542325333333334	5.546307555555557
0.18999999999999995	5.263157894736843	5.263157894736843	5.257216000000001	5.251826526315791
0.19999999999999996	4.9996800000000015	5.000000000000001	4.988480000000001	4.985203200000001
0.20999999999999996	4.761709714285715	4.761904761904763	4.756528761904763	4.744761904761905
0.21999999999999995	4.545349818181819	4.545454545454547	4.540564363636364	4.531604363636364
0.22999999999999995	4.3477259130434796	4.347826086956522	4.339408695652175	4.341145043478262
0.23999999999999994	4.166642666666668	4.166664000000001	4.161736000000001	4.155400000000001
0.24999999999999992	4.000000000000002	4.000000000000002	3.9976960000000012	3.9938534400000014
0.2599999999999999	3.8461538461538476	3.8461538461538476	3.841811692307694	3.8389760000000015
0.2699999999999999	3.703703703703705	3.703703703703705	3.7002808888888903	3.6873742222222234
0.2799999999999999	3.5714285714285725	3.5714285714285725	3.5645142857142864	3.557522285714287
0.2899999999999999	3.4482405517241386	3.4482758620689666	3.4471084137931043	3.439516689655173
0.29999999999999993	3.333333333333334	3.333333333333334	3.332642133333334	3.3237568000000004
0.30999999999999994	3.225806451612904	3.2256392258064523	3.225457548387097	3.2168134193548394
0.3199999999999999	3.124998000000001	3.125000000000001	3.123848000000001	3.115478000000001
0.32999999999999985	3.0303030303030316	3.0303030303030316	3.0298065454545466	3.0138880000000015
0.33999999999999986	2.9411764705882364	2.9411764705882364	2.939700705882354	2.925588705882354
0.34999999999999987	2.857142857142858	2.857142857142858	2.856614400000001	2.8392210285714294
0.3599999999999999	2.7777777777777786	2.7777777777777786	2.7762826666666673	2.7589173333333346
0.3699999999999999	2.702695783783785	2.7027027027027035	2.7027027027027035	2.696053621621622
0.3799999999999999	2.6315789473684217	2.6315789473684217	2.631294315789474	2.6140564210526325
0.3899999999999999	2.5641025641025648	2.5641025641025648	2.563234461538462	2.5516816410256418
0.3999999999999998	2.5000000000000013	2.5000000000000013	2.5000000000000013	2.491934400000001
0.4099999999999998	2.4389479024390255	2.4390243902439037	2.4390243902439037	2.4277463414634157
0.4199999999999998	2.380952380952382	2.380952380952382	2.380952380952382	2.3694186666666677
0.4299999999999998	2.325401302325582	2.3255813953488382	2.3254861395348847	2.31352558139535
0.43999999999999984	2.2727272727272734	2.2727272727272734	2.2727272727272734	2.2538240000000007
0.44999999999999984	2.222222222222223	2.222222222222223	2.222050133333334	2.2142222222222228
0.45999999999999985	2.1739130434782616	2.1739130434782616	2.1728987826086965	2.152173913043479
0.46999999999999986	2.1276377872340433	2.1276595744680855	2.1276595744680855	2.108051063829788
0.47999999999999976	2.083328000000001	2.0833333333333344	2.081408000000001	2.063488000000001
0.48999999999999977	2.040522448979593	2.040816326530613	2.040595591836736	2.0295196734693888
0.4999999999999998	2.000000000000001	2.000000000000001	2.000000000000001	1.993178880000001
0.5099999999999998	1.960784313725491	1.960784313725491	1.9606826666666675	1.9540969411764715
0.5199999999999998	1.9230769230769238	1.9230769230769238	1.9230769230769238	1.9141846153846163
0.5299999999999998	1.8866716981132083	1.8867924528301894	1.8867924528301894	1.8812087547169818
0.5399999999999998	1.8518518518518525	1.8518518518518525	1.8518518518518525	1.835068444444445
0.5499999999999998	1.8180654545454553	1.8181818181818188	1.816411927272728	1.8083328000000005
0.5599999999999997	1.7857142857142867	1.7857142857142867	1.7857142857142867	1.7822571428571437
0.5699999999999997	1.754384842105264	1.7543859649122815	1.7534416842105272	1.7429322105263167
0.5799999999999997	1.7240838620689662	1.7241379310344835	1.7241379310344835	1.7143878620689663
0.5899999999999997	1.694915254237289	1.694915254237289	1.694915254237289	1.686892474576272
0.5999999999999998	1.6666282666666674	1.6666666666666674	1.6666666666666674	1.6626976000000007
0.6099999999999998	1.6393442622950827	1.6393432131147547	1.6393442622950827	1.6237282622950826
0.6199999999999998	1.6129032258064522	1.6129021935483876	1.6129032258064522	1.60943070967742
0.6299999999999997	1.587301587301588	1.587301587301588	1.587301587301588	1.580470857142858
0.6399999999999997	1.5624960000000008	1.5624960000000008	1.5625000000000009	1.5598990000000008
0.6499999999999997	1.5384615384615392	1.5384605538461547	1.5384615384615392	1.5303079384615392
0.6599999999999997	1.5151515151515158	1.5151515151515158	1.5151515151515158	1.5076421818181824
0.6699999999999997	1.4925373134328366	1.4925373134328366	1.4925373134328366	1.4867257313432842
0.6799999999999997	1.4705882352941182	1.4705882352941182	1.4705882352941182	1.4641044705882358
0.6899999999999997	1.4492753623188412	1.4492753623188412	1.4492753623188412	1.4430386086956528
0.6999999999999996	1.4285485714285722	1.4285714285714293	1.4285714285714293	1.425905371428572
0.7099999999999996	1.4083605633802825	1.4083776901408458	1.408450704225353	1.4036470985915501
0.7199999999999996	1.3888888888888895	1.3888888888888895	1.3888888888888895	1.3790888888888897
0.7299999999999996	1.3698630136986307	1.3698630136986307	1.3698630136986307	1.364799123287672
0.7399999999999997	1.351351351351352	1.351351351351352	1.3498257297297305	1.3485414054054061
0.7499999999999997	1.333333333333334	1.333333333333334	1.333333333333334	1.3254690133333338
0.7599999999999997	1.3157861052631585	1.315789473684211	1.315789473684211	1.3080286315789478
0.7699999999999997	1.2987012987012991	1.298700467532468	1.2987012987012991	1.2926961038961045
0.7799999999999997	1.2819331282051287	1.2820512820512826	1.2820512820512826	1.2798326153846158
0.7899999999999996	1.2658227848101273	1.2658227848101273	1.2658227848101273	1.2586645063291146
0.7999999999999996	1.2500000000000007	1.2499968000000006	1.2500000000000007	1.2439448000000006
0.8099999999999996	1.2345679012345685	1.2345679012345685	1.2344888888888896	1.2291247407407413
0.8199999999999996	1.2195121951219519	1.2195121951219519	1.2195121951219519	1.2134680975609762
0.8299999999999996	1.2048192771084343	1.2048192771084343	1.2048192771084343	1.2013578795180728
0.8399999999999996	1.190476190476191	1.190476190476191	1.190476190476191	1.1849714285714292
0.8499999999999996	1.1764705882352946	1.1764705882352946	1.1764705882352946	1.1750128941176476
0.8599999999999995	1.1627906976744191	1.1627906976744191	1.1627906976744191	1.1567627906976752
0.8699999999999996	1.1494252873563224	1.1494252873563224	1.1494252873563224	1.1417717701149432
0.8799999999999996	1.136363636363637	1.136363636363637	1.136363636363637	1.1293789090909097
0.8899999999999996	1.123595505617978	1.123595505617978	1.1235890337078658	1.1166892584269668
0.8999999999999996	1.1111111111111116	1.1111082666666672	1.1111082666666672	1.1072170666666672
0.9099999999999996	1.0989010989010994	1.0989010989010994	1.0989010989010994	1.0961097142857148
0.9199999999999996	1.0866782608695658	1.0869565217391308	1.086731130434783	1.0835478260869569
0.9299999999999996	1.0752660645161296	1.0752688172043015	1.0752688172043015	1.0681090752688176
0.9399999999999996	1.063829787234043	1.0625708936170217	1.0635002553191493	1.0585572765957452
0.9499999999999995	1.0525642105263164	1.052631578947369	1.052631578947369	1.0484271157894742
0.9599999999999995	1.0416666666666672	1.0416666666666672	1.0416606666666672	1.0390206666666673
0.9699999999999995	1.030927835051547	1.030927835051547	1.030927835051547	1.0239280824742274
0.9799999999999995	1.0204081632653066	1.0204081632653066	1.0204081632653066	1.0170226938775515
0.9899999999999995	1.0101010101010106	1.0101010101010106	1.0101003636363641	1.0079263030303036
0.9999999999999996	0.9999840000000004	1.0000000000000004	0.9995334400000004	0.9952665600000005
1.0099999999999996	0.9900990099009905	0.9900990099009905	0.9900990099009905	0.9847356831683173
1.0199999999999996	0.9802691764705886	0.9803921568627455	0.9803915294117651	0.9751962352941181
1.0299999999999996	0.970420815533981	0.9708737864077673	0.9708737864077673	0.96538345631068
1.0399999999999996	0.9615384615384619	0.9615384615384619	0.9615230769230773	0.9586086153846157
1.0499999999999996	0.9521121523809527	0.9523809523809528	0.9523809523809528	0.9495625142857147
1.0599999999999996	0.9433962264150947	0.9433962264150947	0.9433962264150947	0.9427387169811324
1.0699999999999996	0.9345794392523368	0.9345794392523368	0.9345794392523368	0.9316485981308414
1.0799999999999996	0.9253925925925929	0.9259259259259263	0.9259259259259263	0.9200000000000004
1.0899999999999996	0.9174311926605507	0.9174311926605507	0.9174311926605507	0.9158435229357801
1.0999999999999996	0.9090909090909094	0.9090909090909094	0.9090909090909094	0.9089600000000002
1.1099999999999997	0.9008801441441444	0.9008640000000003	0.9008985945945949	0.8970240000000003
1.1199999999999997	0.8928571428571431	0.8928571428571431	0.8928571428571431	0.8893805714285717
1.1299999999999997	0.8849557522123896	0.8849557522123896	0.8835398230088498	0.8809594336283187
1.1399999999999997	0.8767528421052634	0.8771929824561406	0.8771929824561406	0.872645614035088
1.1499999999999995	0.8695652173913048	0.8694400000000003	0.8695629913043482	0.86354587826087
1.1599999999999995	0.8620689655172418	0.8620689655172418	0.8620601379310349	0.8587122758620693
1.1699999999999995	0.8543310769230773	0.8546658461538466	0.8539109743589748	0.8534405470085473
1.1799999999999995	0.8474527457627122	0.8474576271186445	0.8474576271186445	0.8437212203389834
1.1899999999999995	0.8403361344537819	0.8403361344537819	0.8401618823529415	0.8355840000000004
1.1999999999999995	0.8332133333333337	0.8333333333333337	0.8333285333333337	0.8325221333333337
1.2099999999999995	0.8257983471074384	0.8264462809917359	0.8263933884297524	0.8234710743801655
1.2199999999999995	0.8196721311475413	0.8193442622950823	0.8196721311475413	0.8150368524590168
1.2299999999999995	0.8130081300813011	0.8130081300813011	0.8130060487804881	0.8114908617886182
1.2399999999999995	0.8061543225806455	0.8048903225806454	0.806319483870968	0.8029811612903229
1.2499999999999996	0.7994757120000003	0.7999262720000003	0.8000000000000003	0.7959444480000003
1.2599999999999996	0.7935207619047622	0.7936507936507939	0.7936507936507939	0.7908693333333336
1.2699999999999996	0.7874015748031499	0.7874015748031499	0.7873511811023625	0.7819509921259845
1.2799999999999996	0.7809120000000003	0.7809375000000003	0.7810500000000002	0.7795095000000003
1.2899999999999996	0.7751337674418607	0.7751937984496127	0.7751918139534887	0.7716093023255817
1.2999999999999994	0.7692307692307696	0.7692307692307696	0.7686946461538465	0.7668868923076927
1.3099999999999994	0.7632488549618324	0.7630534351145042	0.7631824122137408	0.7608960000000003
1.3199999999999994	0.7571956363636367	0.7575738181818186	0.7575636363636367	0.7530138181818186
1.3299999999999994	0.7518315789473687	0.7517714285714289	0.751875368421053	0.7480680902255643
1.3399999999999994	0.746268179104478	0.7462686567164183	0.7461139104477615	0.742898626865672
1.3499999999999994	0.740740740740741	0.7403420444444447	0.7400561777777781	0.7401263407407411
1.3599999999999994	0.7352941176470591	0.7352640000000004	0.7349251764705885	0.7303016470588238
1.3699999999999994	0.7291795620437959	0.7299251386861317	0.729758364963504	0.7270848467153288
1.3799999999999994	0.7246376811594206	0.7242202898550727	0.7245036521739133	0.7210462608695655
1.3899999999999995	0.719424460431655	0.7179285179856119	0.7194203165467629	0.716403568345324
1.3999999999999995	0.7142857142857145	0.7142692571428574	0.7140000000000003	0.7099844571428574
1.4099999999999995	0.7091177304964541	0.7092194042553194	0.7090727943262414	0.7060171347517733
1.4199999999999995	0.7023792676056341	0.7042253521126763	0.7042212957746482	0.7008139718309861
1.4299999999999995	0.6987833286713289	0.6987206713286715	0.6992845874125877	0.6945526153846157
1.4399999999999995	0.6936604444444447	0.6944084444444447	0.6944333333333336	0.6927906666666669
1.4499999999999995	0.6896481103448278	0.6894605241379312	0.6894605241379312	0.686390731034483
1.4599999999999995	0.6849157260273975	0.6847561643835618	0.6848192876712331	0.6823995616438359
1.4699999999999993	0.6801985306122452	0.6802507755102044	0.6792690068027214	0.6762597006802724
1.4799999999999993	0.6754663783783786	0.675675675675676	0.675675675675676	0.6724774054054057
1.4899999999999993	0.6711340671140942	0.6711409395973157	0.6711392214765104	0.6681819060402687
1.4999999999999993	0.6666457600000003	0.666202026666667	0.6639360000000003	0.663210666666667
1.5099999999999993	0.6622516556291393	0.6620986490066229	0.6621291655629142	0.6580132450331129
1.5199999999999994	0.6573789473684213	0.6578947368421055	0.657894315789474	0.6571162105263161
1.5299999999999994	0.6535943529411767	0.6533120000000003	0.6534103006535951	0.6530823529411768
1.5399999999999994	0.6489512727272729	0.6482697142857146	0.6493506493506496	0.648047376623377
1.5499999999999994	0.6446261677419358	0.6447116387096777	0.6448602838709679	0.6440014451612905
1.5599999999999994	0.6404640000000003	0.6406055384615387	0.641021948717949	0.6387790769230772
1.5699999999999994	0.6356182420382168	0.6369422675159239	0.6368509554140129	0.6348294522292997
1.5799999999999994	0.6323864303797471	0.6328429367088609	0.6329109873417724	0.6293322531645572
1.5899999999999994	0.6285923018867927	0.6284377358490568	0.6284655094339625	0.6266666666666668
1.5999999999999994	0.6250000000000002	0.6250000000000002	0.6250000000000002	0.6205900000000003
1.6099999999999994	0.6209590062111803	0.6211180124223604	0.6211164223602487	0.6174545093167704
1.6199999999999992	0.617258666666667	0.6172839506172842	0.6168794074074077	0.6146275555555558
1.6299999999999992	0.6103165644171782	0.6134906503067488	0.6134933987730065	0.6116813742331292
1.6399999999999992	0.6087804878048783	0.6097369756097564	0.6097498536585368	0.6075020487804881
1.6499999999999992	0.6060544000000002	0.6055854545454549	0.6057984000000003	0.6035781818181821
1.6599999999999993	0.6024034698795183	0.6024034698795183	0.6019373493975906	0.5998172530120485
1.6699999999999993	0.5983593772455092	0.5973292455089823	0.5988023952095811	0.5939088862275452
1.6799999999999993	0.5952243809523812	0.5949805714285717	0.5932632380952384	0.5941680000000003
1.6899999999999993	0.591439905325444	0.591225183431953	0.5911975384615387	0.589752804733728
1.6999999999999993	0.5869248000000002	0.5868344470588238	0.5879808000000003	0.5872941176470591
1.7099999999999993	0.5845423157894739	0.584522479532164	0.583968561403509	0.5834479532163745
1.7199999999999993	0.5807389767441863	0.5813715348837212	0.5808293953488375	0.5808859534883724
1.7299999999999993	0.5779277687861274	0.5779514450867054	0.5776070289017343	0.5749034913294799
1.7399999999999993	0.5744242758620692	0.5741815172413796	0.574153195402299	0.5713228505747129
1.7499999999999993	0.5710994285714288	0.5686604800000002	0.5713228800000002	0.5693162057142859
1.7599999999999993	0.5681523636363638	0.5678545454545456	0.5681105454545456	0.5664505454545457
1.7699999999999994	0.5648903954802261	0.5649659661016951	0.5648791864406781	0.5616394124293788
1.7799999999999994	0.561774741573034	0.5617920000000002	0.5601837303370788	0.5594387415730339
1.7899999999999991	0.5585891396648047	0.558636335195531	0.5585891396648047	0.5576924245810059
1.7999999999999992	0.5555328000000003	0.5555555555555558	0.5547363555555558	0.5554954666666669
1.8099999999999992	0.5486617458563539	0.5521679558011052	0.5524847734806633	0.5479711823204423
1.8199999999999992	0.5477763516483519	0.5487064615384618	0.5477763516483519	0.5480988131868134
1.8299999999999992	0.5464131147540986	0.5460438032786887	0.5464449398907106	0.543225005464481
1.8399999999999992	0.5432779130434785	0.5434782608695654	0.5403391304347829	0.5409652173913047
1.8499999999999992	0.5404405621621624	0.5403731027027029	0.5404519783783786	0.5384358054054057
1.8599999999999992	0.5369063225806454	0.5372129032258067	0.5371884731182798	0.5336949677419357
1.8699999999999992	0.5346484705882355	0.534066310160428	0.5347100748663104	0.5333575187165778
1.8799999999999992	0.5298965106382981	0.5317920000000003	0.5317920000000003	0.530100765957447
1.8899999999999992	0.5285854814814817	0.5290026666666668	0.5269871746031748	0.5280386031746034
1.8999999999999992	0.5262066526315792	0.524978863157895	0.5258792421052634	0.5237072842105265
1.9099999999999993	0.5234261780104714	0.5230240837696337	0.5230505549738222	0.5215735287958118
1.9199999999999993	0.5208213333333336	0.5207480000000002	0.5187530000000001	0.5202453333333336
1.9299999999999993	0.5178160414507774	0.5181134922279795	0.517167751295337	0.5169008082901556
1.939999999999999	0.5154309278350518	0.5146718350515467	0.5154625979381446	0.5145019381443301
1.949999999999999	0.511716430769231	0.5127561846153849	0.5123951589743593	0.5108237128205131
1.959999999999999	0.510086204081633	0.5096816326530614	0.5099294693877553	0.5085580408163267
1.969999999999999	0.5075310456852794	0.5074842639593911	0.5072162436548225	0.5057377461928936
1.979999999999999	0.5049677575757578	0.504336484848485	0.5036425050505053	0.501486868686869
1.989999999999999	0.5021185929648243	0.5021832361809048	0.5025096683417087	0.4994865527638193
1.9999999999999991	0.4999948800000002	0.49988448000000024	0.4991676800000002	0.49763328000000023
2.009999999999999	0.49658396019900525	0.49751243781094556	0.49739749253731375	0.4970997810945277
2.019999999999999	0.4950482376237626	0.4945425742574259	0.49476435643564376	0.4928668514851487
2.029999999999999	0.4904389359605914	0.48807093596059137	0.49261083743842393	0.4919144039408869
2.039999999999999	0.48971890196078455	0.48742400000000025	0.4901847843137257	0.4883840000000002
2.049999999999999	0.4864858536585368	0.4842970536585368	0.4860487804878051	0.48614119024390273
2.059999999999999	0.48538438834951475	0.48167766990291283	0.4841242718446604	0.48160900970873805
2.069999999999999	0.48308900483091816	0.4786396135265703	0.48302222222222246	0.4824088115942031
2.079999999999999	0.4807000000000002	0.48071723076923095	0.4801181538461541	0.47993723076923095
2.089999999999999	0.47830690909090934	0.4781149090909093	0.4784676746411486	0.4767464114832538
2.099999999999999	0.47536640000000013	0.4753344000000002	0.47609173333333354	0.4728941714285716
2.109999999999999	0.4707779336492893	0.47301611374407604	0.47374407582938416	0.4728417061611377
2.119999999999999	0.47000000000000014	0.4656963018867926	0.47126218867924546	0.4707849056603775
2.129999999999999	0.4662958873239439	0.4693862159624415	0.4694327887323946	0.4652286197183101
2.1399999999999992	0.467181757009346	0.46725981308411235	0.4661768971962619	0.46551656074766373
2.149999999999999	0.4641827720930235	0.4650088186046514	0.46506597209302347	0.4642801116279072
2.1599999999999993	0.4626782222222224	0.4628444444444446	0.46159288888888905	0.46163288888888904
2.169999999999999	0.4605083133640555	0.4608221198156684	0.4604472626728113	0.4606451612903228
2.1799999999999993	0.4530433761467892	0.4582220917431194	0.45856029357798184	0.45798165137614694
2.189999999999999	0.45650410958904125	0.4547036347031965	0.4566136986301372	0.45628317808219193
2.199999999999999	0.45433338181818206	0.45320029090909114	0.4539822545454548	0.45290909090909115
2.209999999999999	0.4516126696832581	0.45245364705882374	0.4522775746606337	0.44981980090497753
2.219999999999999	0.4500972972972975	0.44978623423423447	0.44984043243243266	0.4470252972972975
2.229999999999999	0.44787486995515713	0.4483375067264576	0.4471421704035876	0.44429775784753384
2.239999999999999	0.44122142857142876	0.4453302857142859	0.4456854285714288	0.4442660000000002
2.249999999999999	0.4440758044444446	0.4442370844444446	0.4438684444444446	0.44429397333333354
2.259999999999999	0.4424141592920356	0.4398680353982303	0.4424767433628321	0.4420018407079648
2.269999999999999	0.4404564581497799	0.43998280176211474	0.4399577092511015	0.4378208986784142
2.279999999999999	0.43825263157894756	0.436615859649123	0.4385785263157897	0.43714133333333355
2.289999999999999	0.43661834061135385	0.4366809432314412	0.4364922969432316	0.4338302882096072
2.299999999999999	0.434460939130435	0.43471137391304365	0.4343593739130437	0.4328656695652176
2.309999999999999	0.43287272727272746	0.4328993246753248	0.4315813679653681	0.43176561038961053
2.319999999999999	0.42952386206896576	0.4296438620689657	0.4309547586206898	0.4298689655172416
2.329999999999999	0.42918427467811177	0.42905160515021473	0.4289032789699572	0.4274702832618027
2.339999999999999	0.4260482735042737	0.4211965811965814	0.42719288888888907	0.42608574358974377
2.3499999999999988	0.42441640851063855	0.425478536170213	0.42441640851063855	0.4243456000000002
2.359999999999999	0.4237277288135595	0.42207891525423746	0.42293803389830525	0.4227197288135595
2.3699999999999988	0.42191392405063316	0.42126582278481034	0.4218801687763715	0.4200355105485234
2.379999999999999	0.4201411764705884	0.41929438655462203	0.4193839327731094	0.4195224201680674
2.389999999999999	0.41810048535564875	0.4182683849372387	0.417629188284519	0.4166531213389123
2.399999999999999	0.41626106666666685	0.41664506666666684	0.4165130666666668	0.41528426666666685
2.409999999999999	0.41288126141078857	0.4134038838174276	0.40847508713692965	0.4147847966804981
2.419999999999999	0.4059356033057853	0.41233348760330596	0.413222876033058	0.4108863471074382
2.429999999999999	0.40996108641975326	0.4103403456790125	0.41123581893004135	0.4099202633744858
2.439999999999999	0.40960000000000013	0.40915383606557393	0.40945731147541004	0.40807239344262314
2.449999999999999	0.40043520000000016	0.4079728326530614	0.40810448979591857	0.4061860571428573
2.459999999999999	0.40650380487804894	0.40390243902439044	0.40645307317073187	0.40568819512195137
2.469999999999999	0.40448414574898806	0.40404573279352246	0.4045035789473686	0.40457612955465605
2.479999999999999	0.4028129032258066	0.403037677419355	0.4020673548387098	0.4014049032258066
2.489999999999999	0.40115302811245	0.4011088192771086	0.40106255421686765	0.4013902650602411
2.4999999999999987	0.3990784000000002	0.3999075840000002	0.39984000000000025	0.39827865600000023
2.509999999999999	0.39532111553784877	0.3972617689243029	0.39760675697211173	0.3983971952191237
2.5199999999999987	0.39472228571428597	0.39677561904761927	0.39597104761904783	0.3952403809523811
2.529999999999999	0.3946740869565219	0.3940872094861662	0.3945463399209488	0.3931621185770753
2.5399999999999987	0.39196497637795297	0.39170494488188995	0.3929660472440947	0.39196497637795297
2.549999999999999	0.3913697882352943	0.39085578039215707	0.39030061176470604	0.38906453333333346
2.5599999999999987	0.3874890000000002	0.3897250000000002	0.3896327500000002	0.38946900000000023
2.569999999999999	0.38734792217898845	0.3889733229571986	0.3885781167315177	0.38805291828793786
2.5799999999999987	0.3871382325581397	0.3873736434108529	0.3873736434108529	0.3868465116279071
2.589999999999999	0.38455820849420863	0.3860803706563708	0.38185983011583025	0.3856434903474905
2.5999999999999988	0.3834771692307694	0.3813600000000002	0.379927630769231	0.3844615384615387
2.609999999999999	0.3826228965517243	0.38314078160919557	0.3831172413793105	0.3791242298850576
2.6199999999999988	0.38070986259542	0.38160879389312996	0.38147395419847346	0.38165496183206127
2.629999999999999	0.37559385551330815	0.37920000000000015	0.380225946768061	0.37920000000000015
2.639999999999999	0.37831854545454563	0.37715781818181837	0.3784378181818184	0.3784191515151517
2.649999999999999	0.37421983396226427	0.37723073207547186	0.37627435471698123	0.3756947320754718
2.659999999999999	0.3748917894736844	0.3693894736842107	0.3757375037593987	0.374242165413534
2.6699999999999986	0.3738836853932586	0.3742863820224721	0.37452008988764063	0.3732892284644197
2.679999999999999	0.37298507462686586	0.3730187462686569	0.37312262686567177	0.3721561791044778
2.6899999999999986	0.369554557620818	0.3692231375464686	0.3715863791821563	0.3683780520446098
2.699999999999999	0.36920888888888903	0.3696270222222224	0.36986880000000016	0.3690012444444446
2.7099999999999986	0.368482007380074	0.3678131955719559	0.36883152767527694	0.3689696826568267
2.719999999999999	0.36764494117647073	0.3676131764705884	0.3676432941176472	0.3667131764705884
2.7299999999999986	0.36303613186813205	0.36251920879120897	0.3661418901098903	0.36448492307692326
2.739999999999999	0.36335439416058407	0.3644253430656936	0.36440268613138704	0.36446925547445275
2.7499999999999987	0.3623961600000002	0.3635023127272729	0.3617512727272729	0.36229213090909107
2.759999999999999	0.3620183188405799	0.3617157101449277	0.3622165797101451	0.3615654492753625
2.7699999999999987	0.3609775595667872	0.3565467725631771	0.3603860794223828	0.360064462093863
2.779999999999999	0.3593970647482016	0.35893778417266203	0.35946152517985624	0.35913669064748216
2.7899999999999987	0.3582795698924733	0.3549524874551973	0.35569754838709694	0.3568043584229392
2.799999999999999	0.3552914285714287	0.35696365714285727	0.35712000000000016	0.3562066285714287
2.8099999999999987	0.3549096085409254	0.3554890249110322	0.3537728683274023	0.3525921708185055
2.819999999999999	0.35381991489361714	0.3545824680851065	0.35460175886524836	0.35281225531914906
2.8299999999999987	0.34853631095406373	0.35334874911660796	0.3520506572438164	0.34911231095406375
2.8399999999999985	0.35203132394366216	0.352003605633803	0.34990400000000016	0.3515265352112678
2.8499999999999988	0.35040202105263174	0.34983882105263175	0.35031578947368436	0.3495457684210528
2.8599999999999985	0.3492556083916086	0.3496232727272729	0.3479174265734268	0.349274181818182
2.8699999999999988	0.3467827735191639	0.34842648083623706	0.34620209059233464	0.34793945644599317
2.8799999999999986	0.34699466666666684	0.34675200000000017	0.34580000000000016	0.3469802222222224
2.889999999999999	0.3437617162629759	0.34244894117647073	0.3452235294117649	0.3430920415224915
2.8999999999999986	0.33917793103448296	0.34418405517241396	0.34413550344827604	0.3442535724137933
2.909999999999999	0.3429027628865981	0.3435051546391754	0.34144329896907233	0.3431358900343644
2.9199999999999986	0.342463780821918	0.3424602739726029	0.342132383561644	0.34080679452054813
2.929999999999999	0.3352778703071674	0.3412890648464165	0.33960540614334483	0.34000185665529026
2.9399999999999986	0.3380453877551022	0.33947755102040833	0.33918780952380967	0.33918780952380967
2.949999999999999	0.337729952542373	0.3329325559322035	0.33858191186440695	0.33779503728813576
2.9599999999999986	0.3362012972972975	0.33600778378378393	0.33733967567567585	0.3364192432432434
2.969999999999999	0.3358176969696971	0.33083367003367015	0.3337505185185186	0.3356743973063974
2.9799999999999986	0.331771489932886	0.33484800000000015	0.33524381208053705	0.33383087248322163
2.9899999999999984	0.3342007224080269	0.334292120401338	0.334255518394649	0.33432486956521756
2.9999999999999987	0.32462848000000016	0.3333314133333335	0.33261568000000014	0.3320019200000001
3.0099999999999985	0.33179534883720946	0.33222506312292377	0.33209302325581413	0.3292653289036546
3.0199999999999987	0.32933213245033127	0.3308511788079472	0.33065769536423856	0.32874468874172197
3.0299999999999985	0.32857790099009915	0.3230365148514853	0.328086389438944	0.32890740594059426
3.0399999999999987	0.3289454736842107	0.3287040000000001	0.32867452631578964	0.32850189473684227
3.0499999999999985	0.32689857049180343	0.32620674098360675	0.3278554229508198	0.32514182295081984
3.0599999999999987	0.32388517647058834	0.3261647058823531	0.32675032679738575	0.3237856209150328
3.0699999999999985	0.32170506840390894	0.3250555830618894	0.3251250032573291	0.3231643517915311
3.0799999999999987	0.3243260259740261	0.32327812987013	0.32417641558441573	0.3227603116883118
3.0899999999999985	0.32341250485436907	0.3220927378640778	0.32337087378640794	0.3230858770226539
3.0999999999999988	0.32218095483870984	0.32101801290322596	0.32258043870967756	0.32071741935483883
3.1099999999999985	0.32059184565916415	0.3203858520900323	0.31994978778135064	0.3203858520900323
3.1199999999999988	0.32005969230769243	0.31950769230769244	0.3201509743589745	0.3179396923076924
3.1299999999999986	0.3146395399361024	0.319422568690096	0.3193168562300321	0.31948697763578293
3.1399999999999983	0.3176101910828027	0.3182493757961785	0.3178321528662422	0.3173248407643314
3.1499999999999986	0.31713523809523825	0.3162556952380954	0.3173869714285716	0.31433630476190494
3.1599999999999984	0.3164484050632913	0.31409336708860774	0.3164354430379749	0.31434855696202546
3.1699999999999986	0.3154329842271295	0.3150302082018929	0.3150485804416405	0.31542329337539443
3.1799999999999984	0.3123715220125788	0.3143927547169813	0.3127247295597486	0.31307894339622655
3.1899999999999986	0.30896551724137944	0.3130364388714735	0.3123208025078371	0.31222751097178697
3.1999999999999984	0.3093248000000001	0.3120950000000002	0.31157520000000016	0.31080720000000017
3.2099999999999986	0.3084112149532712	0.3108087227414332	0.3114618816199378	0.3109233644859814
3.2199999999999984	0.30901982608695666	0.3075029068322983	0.30655125465838523	0.3088767204968946
3.2299999999999986	0.30958484210526327	0.3095777089783283	0.30893097213622306	0.30788378947368433
3.2399999999999984	0.3073777777777779	0.3072811851851853	0.306251851851852	0.30800019753086433
3.2499999999999987	0.3070068184615386	0.30709661538461547	0.30680832000000013	0.30664290461538474
3.2599999999999985	0.30621761963190197	0.30519342331288357	0.3062771042944787	0.3066053496932517
3.2699999999999987	0.3048237798165139	0.3053962568807341	0.298670385321101	0.30515200000000015
3.2799999999999985	0.3044651707317075	0.30487804878048796	0.30472507317073183	0.30346829268292697
3.2899999999999987	0.3036554893617022	0.3039418358662615	0.302268887537994	0.302268887537994
3.2999999999999985	0.30235520000000016	0.3018199272727274	0.30248552727272743	0.30210695757575773
3.3099999999999983	0.29549728096676753	0.3021078429003023	0.3018779456193355	0.30166931722054396
3.3199999999999985	0.3009819759036146	0.3006216867469881	0.29981204819277124	0.30023306024096397
3.3299999999999983	0.29981981981982	0.29299219219219236	0.30025109909909925	0.3001895975975977
3.3399999999999985	0.29473801197604804	0.29626174850299414	0.2991664670658684	0.29817485029940133
3.3499999999999983	0.29542610149253745	0.2981863164179106	0.29722287761194044	0.298311832835821
3.3599999999999985	0.2970636190476192	0.29686304761904775	0.2969333333333335	0.29614400000000013
3.3699999999999983	0.29118271810089036	0.29643204747774493	0.2954276083086055	0.296447050445104
3.3799999999999986	0.2957663431952664	0.29581538461538476	0.29543971597633145	0.29559876923076933
3.3899999999999983	0.2948672566371683	0.2949533451327435	0.29389479646017713	0.294434737463127
3.3999999999999986	0.29397007058823543	0.28557760000000015	0.2941129411764707	0.2904807529411766
3.4099999999999984	0.29270784750733153	0.2924126217008799	0.29246217008797665	0.2929396363636365
3.4199999999999986	0.2818865029239767	0.2922402807017545	0.2912591345029241	0.29158250292397675
3.4299999999999984	0.29116734693877566	0.2915444431486882	0.2911330145772596	0.2911330145772596
3.4399999999999986	0.2904826046511629	0.2895657674418606	0.2906439069767443	0.2887239069767443
3.4499999999999984	0.2847432347826088	0.2892939130434784	0.28962782608695664	0.28902233043478276
3.4599999999999986	0.28855491329479777	0.2889757225433527	0.2888824971098267	0.28823583815028914
3.4699999999999984	0.2859931296829972	0.28754240922190216	0.2881532680115275	0.2872806916426514
3.479999999999998	0.28735613793103465	0.2845739770114944	0.2873202758620691	0.2858666666666668
3.4899999999999984	0.2852696389684815	0.2859371461318053	0.2865065444126076	0.28535931232091705
3.4999999999999982	0.285120182857143	0.2834205257142859	0.284658102857143	0.285011382857143
3.5099999999999985	0.28489864387464403	0.2844260284900286	0.28489572649572664	0.2840817777777779
3.5199999999999982	0.2810652727272729	0.28392727272727286	0.27054018181818196	0.2806783636363638
3.5299999999999985	0.28022209631728057	0.2831336430594902	0.2825665269121814	0.2822389121813032
3.5399999999999983	0.2824336271186442	0.28242729943502837	0.28242729943502837	0.27884040677966115
3.5499999999999985	0.27942868732394377	0.28167553802816914	0.28059330704225366	0.2785011380281691
3.5599999999999983	0.27956925842696645	0.27839568539325854	0.2806392808988766	0.28025168539325856
3.5699999999999985	0.27989243697479005	0.2791567058823531	0.2785615238095239	0.2793311372549021
3.5799999999999983	0.27915781005586604	0.2787282234636873	0.2793294301675979	0.27864241340782137
3.5899999999999985	0.27615269080779953	0.277233025069638	0.2783204902506965	0.2784215710306408
3.5999999999999983	0.27617333333333344	0.2776576000000001	0.2770266666666668	0.27758417777777794
3.6099999999999985	0.27601108033241006	0.2756354127423824	0.2749785706371192	0.2764720221606649
3.6199999999999983	0.27621763535911614	0.2743308729281769	0.27612358011049737	0.2744396022099449
3.629999999999998	0.26725624242424256	0.27500535537190096	0.2745425454545456	0.2752407272727274
3.6399999999999983	0.2737097142857144	0.27383894505494516	0.27472246153846164	0.27323709890109904
3.649999999999998	0.2738147945205481	0.2739219287671234	0.27320881095890426	0.27396821917808234
3.6599999999999984	0.27013088524590173	0.2731673879781422	0.271368918032787	0.2717440000000001
3.669999999999998	0.2710354659400546	0.26984126430517724	0.269926365122616	0.2713354114441418
3.6799999999999984	0.2675608695652175	0.26694678260869575	0.2717000000000001	0.2717097391304349
3.689999999999998	0.2709465149051492	0.27093333333333347	0.2675545149051492	0.26890406504065056
3.6999999999999984	0.27017063783783796	0.2649729729729731	0.2692972972972974	0.2691072000000001
3.709999999999998	0.2600150943396228	0.26922281401617265	0.2695126253369273	0.26745444743935326
3.7199999999999984	0.26874133333333344	0.26625651612903234	0.2686823225806453	0.2684688172043012
3.729999999999998	0.2649694369973192	0.2660579517426275	0.26783553887399475	0.26688583378016095
3.7399999999999984	0.2673507593582889	0.2618967272727274	0.2671700534759359	0.26731790374331565
3.7499999999999982	0.2665422506666668	0.2640846506666668	0.26557440000000015	0.26643302400000013
3.7599999999999985	0.26567131914893627	0.26502536170212776	0.2658240000000001	0.26558144680851076
3.7699999999999982	0.26408250397877997	0.26522754376657837	0.2651372307692309	0.2636547055702919
3.779999999999998	0.2633838730158731	0.26374416931216943	0.2645170793650795	0.2642927407407409
3.7899999999999983	0.26257410026385236	0.2578202005277046	0.26343007915567296	0.2637198522427442
3.799999999999998	0.25995048421052647	0.26312488421052643	0.2623791157894738	0.2628884210526317
3.8099999999999983	0.26246299212598434	0.2602456692913387	0.2619021102362206	0.2624611443569555
3.819999999999998	0.26007103664921477	0.2615629738219897	0.2617062198952881	0.2615629738219897
3.8299999999999983	0.2537974308093996	0.2584856396866842	0.2600799582245432	0.2604121566579636
3.839999999999998	0.26032850000000013	0.26001650000000015	0.26035650000000016	0.25966850000000014
3.8499999999999983	0.2591418181818183	0.2596864000000001	0.25960993246753256	0.2593730493506495
3.859999999999998	0.2586692642487048	0.25834511917098457	0.25757098445595866	0.2589552746113991
3.8699999999999983	0.2553839793281655	0.2575875968992249	0.2583937984496125	0.25813333333333344
3.879999999999998	0.2566762886597939	0.257689731958763	0.25611529896907226	0.25662284536082486
3.8899999999999983	0.2523704267352186	0.25690093573264794	0.2557953316195374	0.25649669922879187
3.899999999999998	0.2563446153846155	0.2564076307692309	0.2564087794871796	0.25593173333333347
3.9099999999999984	0.25557622506393873	0.25268231202046043	0.2533579948849106	0.2554657391304349
3.919999999999998	0.25449453061224503	0.25481404081632664	0.2550653061224491	0.2525510204081634
3.9299999999999984	0.25023169465648865	0.2538666666666668	0.254442503816794	0.25427558269720113
3.939999999999998	0.2536193299492387	0.25375447715736055	0.2471790456852793	0.2536193299492387
3.949999999999998	0.24687651645569633	0.2447418329113925	0.25090851645569634	0.252021306329114
3.959999999999998	0.25221236363636373	0.252104888888889	0.2520184242424244	0.2521682424242425
3.969999999999998	0.2488634357682621	0.2494104181360203	0.24983069017632256	0.2506407657430732
3.979999999999998	0.24462970854271368	0.2504906934673368	0.25042267336683427	0.2505768844221107
3.989999999999998	0.2505904761904763	0.24687173934837106	0.24774640601503772	0.24911735338345878
3.9999999999999982	0.2445830400000001	0.2499921600000001	0.2496000000000001	0.24840000000000012
4.009999999999998	0.24852604488778068	0.2489614364089777	0.24916971571072333	0.24927680798005
4.019999999999998	0.24871020895522403	0.24827462686567175	0.24706722388059715	0.24863140298507475
4.029999999999998	0.24553703225806467	0.24287857071960312	0.24607507692307706	0.24813324069478923
4.039999999999998	0.2472453069306932	0.24743350495049515	0.24437528712871295	0.2465360792079209
4.049999999999998	0.2464527802469137	0.2460714666666668	0.24640015802469148	0.24478720000000012
4.059999999999998	0.24630147783251244	0.24482222660098535	0.24513954679802968	0.24453422660098534
4.069999999999998	0.24536750859950876	0.24569018181818197	0.24513415233415248	0.24564929729729745
4.079999999999998	0.24228141176470597	0.244937411764706	0.2433355294117648	0.24490588235294128
4.089999999999998	0.24400805867970674	0.24277359413202945	0.24253590220048912	0.24189480684596587
4.099999999999998	0.24385732682926842	0.24382688780487816	0.24105756097560987	0.2423725268292684
4.109999999999998	0.24204768856447703	0.24231240875912421	0.24321930900243321	0.24330837956204393
4.119999999999997	0.23520000000000016	0.24179743689320404	0.24090656310679628	0.24172427184466036
4.129999999999997	0.2421152542372883	0.23997303631961275	0.24147602905569024	0.24212687651331735
4.139999999999998	0.24139733333333346	0.23877008695652185	0.24154202898550736	0.24124660869565231
4.149999999999998	0.24000138795180737	0.238111460240964	0.23929584578313268	0.23932776867469893
4.1599999999999975	0.2391384615384617	0.23942446153846167	0.238132153846154	0.24020676923076936
4.169999999999997	0.23974047002398097	0.2395980431654678	0.2396700239808155	0.23915971223021598
4.179999999999998	0.23802166507177044	0.23702966507177045	0.23764149282296662	0.23921240191387572
4.189999999999998	0.23758571837708842	0.23766132696897388	0.23823442482100252	0.23761122673031038
4.1999999999999975	0.23791908571428586	0.23809386666666682	0.23618377142857158	0.2378634666666668
4.209999999999997	0.23585368171021395	0.23645704513064147	0.23751737767220918	0.23572355344418067
4.219999999999998	0.23643890047393376	0.23642085308056884	0.2368392796208532	0.2367592037914693
4.229999999999998	0.2343354704491727	0.23512601418439727	0.23605802364066206	0.23553270921985828
4.2399999999999975	0.23583079245283034	0.23583683018867937	0.23584528301886806	0.23550128301886805
4.249999999999997	0.23528673882352955	0.23475200000000015	0.23482187294117662	0.2342567152941178
4.259999999999998	0.23440991549295784	0.2347079812206574	0.23365633802816912	0.23387402816901418
4.269999999999998	0.23409071662763478	0.23365245901639356	0.23404800000000012	0.2340385573770493
4.279999999999998	0.23357248598130853	0.22957383177570106	0.23173547663551416	0.23289106542056087
4.289999999999997	0.2325809230769232	0.2327420419580421	0.2330996363636365	0.22974358974358988
4.299999999999997	0.22820599069767458	0.23218604651162805	0.232200781395349	0.23000394418604664
4.309999999999998	0.2318849187935036	0.22747099767981452	0.2319704501160094	0.23076172621809757
4.319999999999998	0.23148148148148162	0.23067022222222236	0.23022755555555569	0.23122014814814829
4.329999999999997	0.23059200000000013	0.2302833810623558	0.23063412471131656	0.23049976905311792
4.339999999999997	0.2302541566820278	0.22981072811059924	0.23020180645161306	0.2304094377880186
4.349999999999998	0.2284137931034484	0.229487227586207	0.22987314022988517	0.22987784827586216
4.359999999999998	0.22741651376146801	0.2293554495412845	0.2258765504587157	0.22861783486238543
4.369999999999997	0.22871813272311226	0.22869221052631591	0.22857460869565233	0.22699584439359283
4.379999999999997	0.2281315068493152	0.2275318356164385	0.22786849315068505	0.2276545753424659
4.389999999999998	0.22608998633257416	0.2259288929384967	0.22709634624145797	0.2274683917995445
4.399999999999998	0.22709454545454558	0.2217418181818183	0.22185469090909102	0.22693760000000013
4.4099999999999975	0.2253350022675738	0.2259626666666668	0.22670497959183689	0.22656928798185955
4.419999999999997	0.22522266063348428	0.2249375565610861	0.2256325791855205	0.22519819004524902
4.429999999999997	0.224402203160271	0.22531236117381503	0.2249847042889392	0.22544108352144485
4.439999999999998	0.22202508108108118	0.2242794954954956	0.22522162162162174	0.22467113513513523
4.4499999999999975	0.22470989662921362	0.22470169887640462	0.22357990112359563	0.22165342921348327
4.459999999999997	0.22373252017937234	0.22292017937219744	0.22394991928251134	0.22392466367713018
4.469999999999997	0.22239412975391512	0.223593234899329	0.22369932885906055	0.22295065771812095
4.479999999999998	0.2217857142857144	0.2229970000000001	0.21673300000000012	0.2230187142857144
4.4899999999999975	0.22259727394209367	0.22253241870824067	0.22096092650334087	0.2225113229398665
4.499999999999997	0.22222094222222236	0.21612814222222235	0.21985550222222233	0.22142222222222235
4.509999999999997	0.21486119733924625	0.22169316186252785	0.2217016762749447	0.2206305631929048
4.519999999999998	0.2212387964601771	0.22064070796460186	0.22062215929203552	0.22035525663716823
4.529999999999998	0.21916312582781466	0.21765594701986765	0.22066225165562928	0.22061478145695376
4.539999999999997	0.2113831189427314	0.21975682819383274	0.21806167400881069	0.21806167400881069
4.549999999999997	0.2191105406593408	0.21845675604395617	0.21955516483516496	0.21873990329670343
4.559999999999998	0.21928687719298257	0.21891873684210536	0.2181103157894738	0.2192240000000001
4.569999999999998	0.21738979431072222	0.21857134354485788	0.21849571991247277	0.21877300656455154
4.579999999999997	0.2183169956331879	0.21773191266375558	0.2174010131004368	0.21757540611353726
4.589999999999997	0.21550849673202627	0.21731151198257093	0.21773943355119837	0.21595621786492386
4.599999999999997	0.21738448695652188	0.21723979130434798	0.2173299478260871	0.21723979130434798
4.609999999999998	0.21686420824295022	0.21026137960954458	0.21586894577006518	0.21569304989154026
4.619999999999997	0.211709090909091	0.2157714285714287	0.215846787878788	0.21620585281385293
4.629999999999997	0.21261878185745153	0.2142487775377971	0.21580357667386624	0.21559443628509734
4.639999999999997	0.21452068965517257	0.21289048275862082	0.21474137931034495	0.21505324137931048
4.649999999999998	0.20926967741935493	0.21329630967741947	0.21505032258064527	0.21504495483870978
4.6599999999999975	0.2137351416309014	0.2139384034334765	0.21433833476394862	0.21290012017167392
4.669999999999997	0.21247451820128493	0.2132336102783727	0.2140010620985012	0.21412782869379027
4.679999999999997	0.21208013675213688	0.20858133333333348	0.21326153846153859	0.21364444444444458
4.689999999999998	0.20981301492537321	0.21267800426439243	0.2101081791044777	0.21321947974413658
4.6999999999999975	0.2121728000000001	0.2113492425531916	0.21229194893617032	0.21232354042553203
4.709999999999997	0.21170425477707017	0.21069982165605108	0.2088790148619959	0.21135544798301498
4.719999999999997	0.21167877966101709	0.21184800000000015	0.21162522033898318	0.2113598644067798
4.729999999999998	0.2112507399577168	0.21003622832980984	0.21140553065539122	0.21138185200845674
4.7399999999999975	0.2083991223628693	0.21096560337552753	0.21097032911392416	0.21092671729957818
4.749999999999997	0.2101037810526317	0.20761478736842118	0.20995705263157904	0.20982784000000013
4.759999999999997	0.20946231932773124	0.20955038655462196	0.21005768067226901	0.20969196638655474
4.769999999999997	0.20923773584905672	0.20929462473794563	0.20929462473794563	0.2091110775681343
4.779999999999998	0.20594664435146454	0.20704548953974905	0.20877000836820095	0.2085489539748955
4.789999999999997	0.20863144885177465	0.20849770354906066	0.20876612943632578	0.20876492693110657
4.799999999999997	0.2067492000000001	0.19918080000000013	0.20331520000000014	0.20813053333333345
4.809999999999997	0.20776395841995857	0.20682245322245335	0.20377866112266127	0.20696136382536395
4.819999999999998	0.20692501244813288	0.20363153526970965	0.2038976265560167	0.20705248132780094
4.829999999999997	0.2060593291925467	0.2063137391304349	0.20125137888198769	0.20649659627329203
4.839999999999997	0.20633176859504146	0.20644019834710756	0.205069223140496	0.2063783140495869
4.849999999999997	0.20181456494845373	0.20440992989690734	0.20499463917525787	0.2060418639175259
4.859999999999998	0.20576013168724291	0.20186548148148156	0.20550637037037048	0.2040798024691359
4.869999999999997	0.2006444681724847	0.20176098562628347	0.20529622997946623	0.2048172156057496
4.879999999999997	0.20486557377049192	0.20462832786885257	0.20409954098360666	0.20390242622950833
4.889999999999997	0.20411733333333346	0.20267661349693264	0.20411733333333346	0.20446115337423326
4.899999999999997	0.20197498775510217	0.2026959673469389	0.20274925714285727	0.20364225306122463
4.9099999999999975	0.20358452138492883	0.20309819959266814	0.201111201629328	0.2026335152749492
4.919999999999997	0.20184507317073183	0.19983817886178873	0.20040273170731718	0.20322653658536596
4.929999999999997	0.20183445030425975	0.1973308235294119	0.20166815415821512	0.20282677484787032
4.939999999999997	0.20140294736842118	0.20241619433198393	0.2018648097165993	0.20236644534412968
4.9499999999999975	0.20201968484848495	0.20104158383838394	0.20053992727272738	0.20201192727272738
4.959999999999997	0.19943225806451623	0.19830967741935496	0.20152567741935495	0.20130309677419367
4.969999999999997	0.19770140845070433	0.19347766599597596	0.19636075653923554	0.20093476056338042
4.979999999999997	0.20077429718875514	0.20042846586345395	0.196639357429719	0.20051932530120495
4.9899999999999975	0.20027754709418846	0.19855390781563137	0.2003879759519039	0.20026946693386782
4.999999999999997	0.1988203520000001	0.1996404480000001	0.1988448000000001	0.1998053120000001
5.009999999999997	0.19187021157684642	0.1982976766467067	0.19959875449101808	0.19935348502994024
5.019999999999997	0.19838725099601606	0.1984275378486057	0.19906435059760968	0.19844729880478099
5.029999999999998	0.19809145129224662	0.1959823777335985	0.19879176143141164	0.19875626242544742
5.039999999999997	0.19820952380952392	0.19709155555555566	0.1974735238095239	0.1977904761904763
5.049999999999997	0.19771551683168329	0.1942268198019803	0.1977744475247526	0.19778547326732684
5.059999999999997	0.19752208695652185	0.19755560474308312	0.19762390513834005	0.19679860869565227
5.069999999999997	0.1969715502958581	0.19376018934911257	0.19526627218934925	0.1956551952662723
5.079999999999997	0.1963816062992127	0.19397782677165362	0.19551382677165366	0.1962848503937009
5.089999999999997	0.19532888015717104	0.19567893123772112	0.19633489980353647	0.19637199214145393
5.099999999999997	0.19489769411764718	0.19332969411764717	0.19389189019607855	0.19548097254901972
5.109999999999997	0.19159157729941304	0.19558938551859112	0.19568857925636018	0.19566653620352262
5.119999999999997	0.1953045000000001	0.1948473750000001	0.1947680000000001	0.1949873750000001
5.129999999999997	0.19438833528265118	0.19350343859649133	0.19437174269005858	0.1949037037037038
5.139999999999997	0.1924804980544748	0.19371529961089506	0.1943328871595332	0.19281880155642034
5.149999999999997	0.19413449320388362	0.19403942524271858	0.19379883495145642	0.19390024077669915
5.1599999999999975	0.1879040000000001	0.19245693023255825	0.19324167441860474	0.1927937984496125
5.169999999999997	0.19005338491295948	0.18822127659574478	0.19328878916827863	0.19317292069632505
5.179999999999997	0.1916356447876449	0.19102591505791516	0.1930185637065638	0.19274131274131284
5.189999999999997	0.19230520231213882	0.19139526782273616	0.1926540578034683	0.19215722543352612
5.1999999999999975	0.18935076923076932	0.19095076923076934	0.19212996923076933	0.19178769230769238
5.209999999999997	0.18566436852207302	0.18791419577735133	0.19137056429942428	0.1913193397312861
5.219999999999997	0.1915560459770116	0.191560950191571	0.1906850574712645	0.1915697777777779
5.229999999999997	0.19120446653919707	0.19089866156787774	0.19058771701720853	0.190764053537285
5.239999999999997	0.18834210687022912	0.18851370992366423	0.19072977099236654	0.19027493129771006
5.249999999999997	0.18994517333333344	0.18844757333333342	0.19041718857142867	0.19028114285714295
5.259999999999997	0.1892959391634982	0.1900380228136883	0.1844897338403043	0.18974600760456284
5.269999999999997	0.18953909677419367	0.1889367438330172	0.18905187096774204	0.1887029677419356
5.279999999999997	0.18915927272727284	0.18930557575757587	0.18572412121212134	0.18935018181818195
5.289999999999997	0.18762477126654073	0.1862407258979207	0.18866994328922504	0.18861477504725907
5.299999999999997	0.1841345207547171	0.18737316226415104	0.18825889811320765	0.18867815849056616
5.309999999999997	0.18516079849340877	0.18760931073446338	0.18696967231638428	0.18831186440677977
5.319999999999997	0.18721912781954897	0.18741365413533848	0.18778694736842116	0.1879218045112783
5.329999999999997	0.1876095759849907	0.1875480975609757	0.1875480975609757	0.18653358348968113
5.339999999999997	0.18721306367041207	0.18581573033707877	0.1870545018726593	0.1869292584269664
5.349999999999997	0.18422429906542068	0.18624299065420571	0.18691481121495337	0.1866516336448599
5.359999999999997	0.1848762985074628	0.17260131343283594	0.18617922388059713	0.18580298507462698
5.369999999999997	0.18611950837988836	0.18417448044692744	0.18553135195530734	0.18598900558659226
5.379999999999997	0.18586397026022314	0.18577356133829007	0.1850737249070633	0.18552672118959118
5.389999999999997	0.18282140259740268	0.18552685714285724	0.18320148423005575	0.18543566604823758
5.399999999999997	0.17934411851851864	0.1849344000000001	0.18515093333333343	0.18432888888888901
5.409999999999997	0.1817382329020334	0.1806617079482441	0.18477474306839198	0.1841231497227358
5.419999999999997	0.18339081918819197	0.18393966051660526	0.18431291512915138	0.184241003690037
5.429999999999997	0.183516640883978	0.18260331491712717	0.18201399631675885	0.1840258121546962
5.439999999999997	0.18329541176470598	0.18381929411764716	0.18323047058823538	0.18338576470588247
5.449999999999997	0.1783567266055047	0.18013228623853222	0.18311797431192672	0.18322683302752305
5.459999999999997	0.18307692307692316	0.17968246153846162	0.18305160439560447	0.1828801172161173
5.469999999999997	0.18068299817184652	0.1818676416819014	0.18042278610603302	0.18129480073126153
5.479999999999997	0.18212846715328476	0.181909489051095	0.17960303649635045	0.18077185401459864
5.489999999999997	0.18114110018214946	0.18207650273224055	0.18211567213114765	0.18194372313296917
5.499999999999997	0.18156113454545464	0.17872651636363643	0.18065454545454554	0.18121495272727284
5.509999999999997	0.1797593901996371	0.18108387658802189	0.18147658802177868	0.1808692268602542
5.519999999999997	0.17086330434782618	0.18109808695652185	0.180945043478261	0.181040695652174
5.529999999999997	0.18081226763110317	0.1796745027124775	0.17752639421338165	0.1804011862567813
5.539999999999997	0.18022804332129974	0.1735711191335741	0.18000219494584846	0.18042119855595676
5.549999999999997	0.16959319639639647	0.17640233513513523	0.17883514234234243	0.18017602882882894
5.559999999999997	0.1765685179856116	0.17939925179856125	0.1797525179856116	0.17933939568345333
5.569999999999997	0.1786834039497308	0.17926848114901267	0.17872247037701985	0.17927939676840224
5.5799999999999965	0.17047443727598577	0.17901866666666677	0.17282339784946246	0.17891314695340513
5.589999999999997	0.17726958139534893	0.17344984615384623	0.1787076923076924	0.17886511627906984
5.599999999999997	0.17822571428571438	0.1782504000000001	0.1785421714285715	0.17851611428571437
5.609999999999997	0.17671803208556158	0.17825129411764715	0.17764517647058833	0.17823075935828886
5.6199999999999966	0.1759517153024912	0.17436822775800723	0.17663214234875455	0.17793036298932394
5.629999999999997	0.17753702309058622	0.16470974067495567	0.17755441563055072	0.17753702309058622
5.639999999999997	0.1749191489361703	0.1759068368794327	0.17730485106382987	0.1771959148936171
5.649999999999997	0.17594721415929213	0.1709467185840709	0.17680991150442488	0.17698197522123904
5.659999999999997	0.17639575971731458	0.176674374558304	0.17666216254416972	0.174854671378092
5.669999999999997	0.17039576719576727	0.17579784126984135	0.17594683597883606	0.17619516049382725
5.679999999999997	0.17518377464788742	0.1750818028169015	0.17550422535211277	0.17579673239436627
5.689999999999997	0.1714259683655537	0.17566492794376107	0.17381668892794386	0.17567662565905107
5.699999999999997	0.166698554385965	0.17543814736842117	0.1723445894736843	0.17519056842105274
5.709999999999996	0.17422346760070065	0.17414097373029785	0.1749043782837129	0.175106129597198
5.719999999999997	0.1748196923076924	0.17468811188811198	0.17481163636363645	0.1744742937062938
5.729999999999997	0.16371702617801057	0.16840421640488665	0.1743413612565446	0.17447974869109958
5.739999999999997	0.1733128919860628	0.17286689895470395	0.1738537700348433	0.17212331707317083
5.7499999999999964	0.17341339826086966	0.1739059200000001	0.1715404800000001	0.17386852173913053
5.759999999999997	0.17360566666666674	0.17309733333333344	0.17114433333333343	0.1736021111111112
5.769999999999997	0.17104205199306768	0.17307552166377826	0.173306232235702	0.17312377123050268
5.779999999999997	0.15205813148788935	0.1685369134948098	0.17245220761245683	0.1721914463667821
5.7899999999999965	0.1714460518134716	0.17236493264248715	0.17269289119170994	0.17262491191709856
5.799999999999997	0.17238554482758628	0.17237395862068974	0.16907299310344837	0.17227078620689665
5.809999999999997	0.17207727366609304	0.17209225473321868	0.1697042065404476	0.17202439931153193
5.819999999999997	0.16625429553264615	0.16987612371134028	0.1712512439862544	0.1699341855670104
5.8299999999999965	0.17026974957118363	0.17051488164665532	0.17149101886792464	0.17101897770154384
5.839999999999997	0.17123243835616447	0.17112065753424666	0.17110619178082198	0.17119331506849325
5.849999999999997	0.17059708717948727	0.17035716923076932	0.168543835897436	0.17091216410256418
5.859999999999997	0.17064802730375436	0.17000092832764516	0.17060477815699668	0.17024207508532432
5.8699999999999966	0.1692455468483817	0.17008517887563893	0.1637060034071551	0.16937376490630335
5.879999999999996	0.1695193469387756	0.1689133061224491	0.16787330612244908	0.16956473469387767
5.889999999999997	0.16966802037351453	0.16710095755517834	0.1693202037351444	0.1697783089983023
5.899999999999997	0.1628736000000001	0.16829559322033907	0.16940029830508482	0.169452366101695
5.909999999999997	0.16911983756345186	0.16286278172588842	0.16920300507614222	0.16905648730964476
5.919999999999996	0.1686265945945947	0.16329902702702712	0.16843362162162173	0.1688011891891893
5.929999999999997	0.1603530252951097	0.16657872512647562	0.16802698145025302	0.1685769713322092
5.939999999999997	0.1682931717171718	0.167589925925926	0.16764325925925935	0.16825319865319874
5.949999999999997	0.16651831932773117	0.16736150588235302	0.16746218487394968	0.1676928000000001
5.959999999999996	0.16489707382550345	0.16713191946308736	0.16748359731543636	0.16778512751677863
5.969999999999997	0.16729664321608048	0.16585583919598	0.16569246231155788	0.16725719262981584
5.979999999999997	0.16721723076923087	0.16468591304347835	0.16699761872909707	0.16682584615384624
5.989999999999997	0.16690217028380644	0.16689319532554264	0.16693967278798005	0.1662780901502505
5.9999999999999964	0.16661962666666677	0.1661878400000001	0.1660342400000001	0.16665984000000011
6.009999999999997	0.16050848585690522	0.1659666955074876	0.16638253577371057	0.16637135440931788
6.019999999999997	0.16259146843853828	0.16458205980066454	0.16468241860465124	0.16608574086378747
6.029999999999997	0.16262410613598682	0.1634811542288558	0.16580309121061368	0.16580309121061368
6.0399999999999965	0.16542558940397362	0.16556280794701997	0.16491825165562923	0.1653933774834438
6.049999999999996	0.15993388429752076	0.16456050247933895	0.16492101818181829	0.16528756363636374
6.059999999999997	0.1641419405940595	0.16499273927392746	0.16501607920792088	0.1648389702970298
6.069999999999997	0.1639281449752884	0.16176880395387158	0.16441399670510717	0.1646154859967052
6.0799999999999965	0.16266726315789481	0.16416673684210537	0.16439115789473693	0.16290694736842115
6.089999999999996	0.16274033497536955	0.16379964532019714	0.16266498522167497	0.16387404926108384
6.099999999999997	0.15876364590163944	0.1570046950819673	0.16343491147540992	0.16390043278688532
6.109999999999997	0.16345400981996736	0.16342478559738144	0.1620294599018004	0.1619499574468086
6.1199999999999966	0.1632555294117648	0.1619178039215687	0.16274603921568637	0.16186760784313736
6.129999999999996	0.15955889070146828	0.16206710603588917	0.161798995106036	0.16182248613376846
6.139999999999997	0.14542999348534208	0.1615118175895766	0.16275971335504894	0.16253957003257338
6.149999999999997	0.16064842926829276	0.1603528845528456	0.16230930731707327	0.1625866406504066
6.159999999999997	0.161496103896104	0.16233766233766242	0.16206742857142867	0.16226192207792217
6.169999999999996	0.16125292706645067	0.16162271636953007	0.16178318314424645	0.16164968557536477
6.179999999999996	0.1556467572815535	0.1617787443365697	0.16041879611650495	0.16145180582524282
6.189999999999997	0.1612713150242327	0.150830733441034	0.16087252988691444	0.16015963812600978
6.199999999999997	0.16091870967741945	0.16128774193548395	0.16095494193548396	0.159853006451613
6.209999999999996	0.1575414106280194	0.16084879871175534	0.1610255458937199	0.1608573526570049
6.219999999999996	0.15665594855305476	0.16058145337620588	0.15518569774919622	0.16076913183279753
6.229999999999997	0.15962514285714294	0.1596629470304977	0.16045447191011245	0.16043875441412528
6.239999999999997	0.16020676923076932	0.15979600000000008	0.16022317948717957	0.15998964102564112
6.2499999999999964	0.15784704000000008	0.1576341504000001	0.1594392576000001	0.1599307776000001
6.259999999999996	0.1507868626198084	0.15957254952076685	0.1596698785942493	0.1597378658146966
6.269999999999997	0.1578432918660288	0.15937163636363644	0.15773795215311012	0.15944461881977678
6.279999999999997	0.15849936305732493	0.156723668789809	0.15748677707006375	0.15793436942675168
6.2899999999999965	0.15763688394276637	0.15890274085850564	0.15653799682034986	0.15870738314785382
6.299999999999996	0.15828764444444454	0.15850575238095246	0.1586447238095239	0.15867164444444454
6.309999999999997	0.15273341362916015	0.15654704278922352	0.157710909667195	0.15810119809825682
6.319999999999997	0.1484333164556963	0.15816951898734186	0.15822744303797476	0.15814268354430389
6.3299999999999965	0.1545919494470775	0.15285939968404433	0.15334763981042662	0.1578868878357031
6.339999999999996	0.1575829400630916	0.15764381072555214	0.1537712050473187	0.15730220820189283
6.349999999999996	0.15727622047244105	0.15702788031496073	0.15567057637795284	0.1573771086614174
6.359999999999997	0.1538258113207548	0.15712311949685542	0.15712311949685542	0.1571698113207548
6.3699999999999966	0.15556310204081641	0.15656138147566726	0.1540822605965464	0.1563746059654632
6.379999999999996	0.15612950470219444	0.15400877742946717	0.15617554858934177	0.15592727272727283
6.389999999999996	0.15411921126760572	0.15477573708920198	0.1500328262910799	0.15512348043818475
6.399999999999997	0.15624190000000007	0.15624000000000007	0.1561971000000001	0.15593640000000009
6.409999999999997	0.15255203744149776	0.15393587519500787	0.15542954134165374	0.15574654602184096
6.419999999999996	0.1545127476635515	0.15336822429906552	0.15551401869158887	0.15571927725856707
6.429999999999996	0.1530987496111976	0.15211446345256618	0.15489980715396587	0.15551104199066884
6.439999999999997	0.15493356521739138	0.15502101863354045	0.15525406211180132	0.15527463354037274
6.449999999999997	0.15448062015503883	0.15441949767441868	0.15503786666666675	0.15469335813953497
6.459999999999996	0.1547951950464397	0.15471544272445828	0.15460695975232208	0.15235675541795674
6.469999999999996	0.15440123647604337	0.15447047913446685	0.1537582689335395	0.15391050386398772
6.479999999999997	0.15367298765432105	0.15287496296296305	0.15431466666666674	0.15191743209876551
6.489999999999997	0.15362721725731904	0.15195227118644075	0.1528899845916796	0.15366656394453013
6.4999999999999964	0.1531514092307693	0.1446266092307693	0.15382400000000007	0.15371854769230778
6.509999999999996	0.15353816282642097	0.15335412596006154	0.15168294930875584	0.15341075268817214
6.519999999999996	0.1445398773006136	0.15321717791411052	0.15334242944785287	0.15200746012269947
6.529999999999997	0.15254306891271066	0.15305693108728952	0.15313455436447174	0.1528743399693722
6.5399999999999965	0.15165563302752302	0.152040513761468	0.15001012844036704	0.15259831192660558
6.549999999999996	0.14606656488549627	0.15267175572519093	0.1518447389312978	0.1525895816793894
6.559999999999996	0.1513010731707318	0.15170058536585376	0.15215453658536593	0.15221424390243912
6.569999999999997	0.15210091933028927	0.1514179604261797	0.1501020152207002	0.15220690410958912
6.5799999999999965	0.15181218237082075	0.1518881458966566	0.14119012765957456	0.15190993313069917
6.589999999999996	0.15167941729893789	0.15081235811836124	0.14827595751138095	0.1517260333839151
6.599999999999996	0.15079796363636372	0.15137512727272737	0.15113027878787888	0.15062147878787888
6.609999999999997	0.13922091376701973	0.15061891679273834	0.1511804901664146	0.15128350983358554
6.6199999999999966	0.14858247734138982	0.15091035649546836	0.1510549848942599	0.15068577643504538
6.629999999999996	0.1504464313725491	0.14636742081447973	0.1501804886877829	0.15081324886877837
6.639999999999996	0.1444328674698796	0.14813493975903624	0.14723190361445793	0.15036144578313262
6.649999999999997	0.15015420150375947	0.14778745263157902	0.1487494736842106	0.14954355488721813
6.659999999999997	0.14928288288288297	0.1392366126126127	0.14626777177177186	0.14982688288288296
6.669999999999996	0.14983282758620697	0.14992158320839588	0.14776611694152933	0.1495070704647677
6.679999999999996	0.1426123113772456	0.14870380838323363	0.1478760239520959	0.14852014371257494
6.689999999999996	0.14717847533632297	0.14541718385650232	0.14929994618834092	0.1491660149476832
6.699999999999997	0.14912296119402993	0.14730039402985082	0.1452394029850747	0.14925287164179113
6.709999999999996	0.14278047093889723	0.14901260208643824	0.1459752250372579	0.1479596065573771
6.719999999999996	0.14627914285714294	0.14874514285714294	0.1480720000000001	0.14875914285714295
6.729999999999996	0.1485575988112928	0.14814868350668658	0.1485723387815751	0.14837834175334333
6.739999999999997	0.1450828724035609	0.14833367359050453	0.1457827893175075	0.1481841186943621
6.7499999999999964	0.14734563555555563	0.1479964444444445	0.14805105777777786	0.14812387555555562
6.759999999999996	0.1430933964497042	0.14792861538461546	0.14499635502958588	0.14791043786982255
6.769999999999996	0.14107178729689818	0.14507400886262933	0.14726040768094542	0.1471928153618908
6.779999999999997	0.14740191150442486	0.1469616519174042	0.13977146902654874	0.14685791150442484
6.7899999999999965	0.14442170250368197	0.14727502798232703	0.14461511634757004	0.14707595876288668
6.799999999999996	0.14705421176470596	0.1464104470588236	0.1467843764705883	0.14594061176470596
6.809999999999996	0.14542106314243766	0.14666093392070492	0.14348583847283414	0.14611510132158598
6.819999999999997	0.14656891495601182	0.14256760117302059	0.14616774193548393	0.1463929618768329
6.8299999999999965	0.1463888960468522	0.14624759004392396	0.14631693118594444	0.14640829282576873
6.839999999999996	0.1372649356725147	0.14296177777777785	0.13805614035087727	0.14547424561403516
6.849999999999996	0.14527822481751834	0.14545985401459863	0.145088093430657	0.14526187445255484
6.859999999999996	0.14574871137026246	0.1447635218658893	0.14576326530612255	0.14576130612244906
6.8699999999999966	0.13382008733624462	0.14408142066957794	0.14326413973799135	0.14428515866084432
6.879999999999996	0.14166502325581404	0.14489302325581402	0.14528595348837217	0.1448394418604652
6.889999999999996	0.14296346008708283	0.14436867343976786	0.14506505660377367	0.14468272859216263
6.899999999999996	0.1446469565217392	0.14392431304347836	0.14419283478260878	0.1418551652173914
6.909999999999997	0.14207249782923306	0.14468075253256157	0.13990307380607822	0.14282382633863971
6.919999999999996	0.1444017572254336	0.1444752832369943	0.14441979190751453	0.14317687861271683
6.929999999999996	0.14425544588744596	0.14419957287157295	0.14184644155844164	0.14380800000000007
6.939999999999996	0.1405132910662825	0.14399778674351593	0.14378199423631133	0.14409138904899144
6.949999999999997	0.14360633093525185	0.14215652374100726	0.14249171798561158	0.14350770647482022
6.959999999999996	0.14311871264367823	0.14358400000000007	0.14126491954022996	0.14364496551724146
6.969999999999996	0.14319426111908184	0.14291337733142045	0.14338938307030136	0.14259016355810625
6.979999999999996	0.14314095128939835	0.14149492263610325	0.14326565042979952	0.14162008022922642
6.989999999999996	0.14151416309012885	0.14285056366237492	0.14267467811158807	0.14165369957081556
6.9999999999999964	0.14221202285714293	0.14253888000000006	0.14116608000000008	0.14279533714285722
7.009999999999996	0.13907409985734673	0.1409894436519259	0.14253502995720407	0.1417220199714694
7.019999999999996	0.13724252991452998	0.1387668603988605	0.1410027578347579	0.14242060398860407
7.029999999999996	0.13991692745376966	0.14172167283072554	0.14221109530583223	0.1407089615931722
7.0399999999999965	0.14021236363636372	0.1380363636363637	0.14179963636363643	0.14186945454545463
7.049999999999996	0.13990890212765963	0.1416078524822696	0.13998760851063838	0.14174511205673768
7.059999999999996	0.13902322946175646	0.13787050424929187	0.14015782436260632	0.14110558640226636
7.069999999999996	0.13756388118811888	0.14059098161244704	0.1387334427157002	0.14072568033946262
7.0799999999999965	0.13744406779661023	0.14088415819209046	0.13484691525423737	0.14121979661016956
7.089999999999996	0.14078050211565593	0.13927447108603674	0.140613957686883	0.14096780818053603
7.099999999999996	0.14074086760563387	0.14084425915492965	0.13656121690140852	0.1405418366197184
7.109999999999996	0.14057640506329122	0.14057127426160346	0.13701031786216605	0.14064553586497897
7.1199999999999966	0.14008125842696637	0.14023361797752817	0.13878687640449444	0.14028323595505626
7.129999999999996	0.1362182103786817	0.12434302384291732	0.1395573408134643	0.13986145301542785
7.139999999999996	0.12238556862745105	0.1400408739495799	0.1395913501400561	0.13988248739495807
7.149999999999996	0.13169642517482524	0.1386968615384616	0.13727328671328679	0.13982433566433575
7.159999999999996	0.1395071284916202	0.13517979888268164	0.13926355307262578	0.13957327374301684
7.169999999999996	0.13830998047419812	0.13811958716875877	0.13909288702928876	0.13899434309623437
7.179999999999996	0.1389331253481895	0.13268109192200564	0.13901584401114214	0.13925571030640677
7.189999999999996	0.1385405062586927	0.13839274547983318	0.13879285674547992	0.1388224979137692
7.199999999999996	0.13578053333333343	0.13414568888888898	0.13661333333333342	0.13838888888888898
7.209999999999996	0.1386451262135923	0.13860535922330103	0.13856124271844666	0.13843741470180312
7.219999999999996	0.13792257063711919	0.13698295844875352	0.13648301385041559	0.1384442326869807
7.229999999999996	0.1362132448132781	0.13358906777316742	0.1372414937759337	0.13826575933609966
7.239999999999996	0.13360654143646417	0.13804720441988957	0.13765047513812165	0.1380617900552487
7.2499999999999964	0.13792882758620698	0.1379238841379311	0.13200940137931041	0.1372628744827587
7.259999999999996	0.13494796694214883	0.13598845179063368	0.137705785123967	0.1376859504132232
7.269999999999996	0.13636700962861079	0.13359502613480062	0.13745571389270986	0.1373487537826686
7.279999999999996	0.13221415384615393	0.13519569230769238	0.13727261538461547	0.13727261538461547
7.2899999999999965	0.136260828532236	0.13708984362139925	0.13716358847736632	0.13706043347050761
7.299999999999996	0.13521849863013707	0.1368789041095891	0.1369399232876713	0.1369855123287672
7.309999999999996	0.1365800273597812	0.13386690013679897	0.13570066210670323	0.13673972093023262
7.319999999999996	0.1354151693989072	0.13033232786885254	0.13654828415300554	0.13520183606557384
7.329999999999996	0.13525077216916787	0.13435494679399734	0.13634174079126885	0.1356209768076399
7.339999999999996	0.1297888610354224	0.13603888828337882	0.1322466702997276	0.13623420163487746
7.349999999999996	0.1358453551020409	0.13555147755102048	0.1353647020408164	0.13546893061224496
7.359999999999996	0.12581739130434788	0.12344486956521745	0.13585704347826094	0.1357568695652175
7.369999999999996	0.13221166892808692	0.1356747028493895	0.13550936227951163	0.13555981546811408
7.379999999999996	0.1354732574525746	0.1250593821138212	0.1347513062330624	0.1342106016260163
7.389999999999996	0.13530336129905285	0.13304517456021658	0.13421215696887692	0.13519943707713133
7.399999999999996	0.13260618378378386	0.13303040000000008	0.12666214054054062	0.13507208648648655
7.409999999999996	0.13069611875843462	0.13492780566801627	0.13364607827260466	0.13364607827260466
7.419999999999996	0.1347397520215634	0.13374611320754723	0.1343237520215634	0.1345552560646901
7.429999999999996	0.1344584872139974	0.1345839892328399	0.13336971197846575	0.13444470524899063
7.439999999999996	0.13272258064516138	0.1322882580645162	0.13415776344086028	0.13244722580645168
7.449999999999996	0.13350107919463094	0.1333168107382551	0.13399589798657724	0.1340219275167786
7.4599999999999955	0.13182447184986604	0.13308431099195717	0.13369685790884728	0.13373941018766763
7.469999999999996	0.13265555020080327	0.13364596519410984	0.13142181526104424	0.13285089156626512
7.479999999999996	0.1300589518716578	0.13368983957219258	0.133585026737968	0.13354601069518723
7.489999999999996	0.13350280373831783	0.12642401068090794	0.13324338584779713	0.13124110013351142
7.499999999999996	0.13259528533333342	0.13244552533333342	0.13143884800000008	0.13158835200000008
7.509999999999996	0.12698920905459393	0.13275006125166453	0.13051602663115852	0.13310252996005334
7.519999999999996	0.13080000000000008	0.13236382978723413	0.13196757446808519	0.13297455319148943
7.529999999999996	0.12861331208499344	0.12696784063745026	0.13182903585657377	0.13279796015936263
7.539999999999996	0.12929833421750672	0.13246905039787807	0.1320552572944298	0.13204125198938998
7.549999999999996	0.12909342516556296	0.13243371655629146	0.12878291920529808	0.13240930331125833
7.559999999999996	0.13137701587301595	0.13213282539682547	0.13215288888888896	0.13197037037037043
7.569999999999996	0.1202746842800529	0.12747109114927352	0.13182571202113613	0.1319136380449142
7.579999999999996	0.1317315883905014	0.13077032189973622	0.13188525593667552	0.13176265963060693
7.589999999999996	0.12841309090909098	0.1296738656126483	0.13145878260869573	0.13112866403162063
7.599999999999996	0.1315031578947369	0.13148724210526322	0.13044581052631585	0.13148724210526322
7.609999999999996	0.1313871222076216	0.13069422339027603	0.13140528777923793	0.13013369776609732
7.619999999999996	0.13074847244094495	0.13068254068241478	0.13081020472440952	0.13108543832021005
7.6299999999999955	0.12767278636959378	0.13080786369593717	0.13097570642201842	0.1307494836173002
7.639999999999996	0.12522722513089013	0.13084573821989537	0.12569625130890058	0.13077537172774875
7.649999999999996	0.12613806013071902	0.1307001307189543	0.1302357333333334	0.13066666666666674
7.659999999999996	0.13029556135770243	0.12700273629242825	0.13042122193211494	0.13052415665796352
7.6699999999999955	0.12907431551499354	0.12129126466753593	0.130341298565841	0.13017775228161677
7.679999999999996	0.1293413333333334	0.13002425000000006	0.12677425000000006	0.12994700000000006
7.689999999999996	0.12845407542262685	0.12615606762028617	0.1289383615084526	0.12889974512353713
7.699999999999996	0.12976241038961048	0.12954023896103903	0.1298261610389611	0.12978501818181826
7.7099999999999955	0.12319377431906622	0.1277330428015565	0.12969338521400786	0.12785880155642032
7.719999999999996	0.12952696373057002	0.12811100518134722	0.12761832124352337	0.12746412435233168
7.729999999999996	0.11933938421733511	0.1292336351875809	0.1293657749029755	0.12910646313065985
7.739999999999996	0.12828733850129206	0.1289488372093024	0.12746046511627915	0.1289488372093024
7.749999999999996	0.12782319483870974	0.12902556903225815	0.1276150916129033	0.12902697290322587
7.759999999999996	0.12788610309278356	0.12881443298969078	0.12642606185567015	0.12880131958762892
7.769999999999996	0.12782628571428578	0.12143452252252258	0.12865268468468474	0.12866718146718154
7.779999999999996	0.12847473521850908	0.12798157326478157	0.1283826015424165	0.12839642159383038
7.789999999999996	0.1266896842105264	0.12819586136071895	0.12836674711168172	0.12808371758664963
7.799999999999995	0.12489017435897444	0.12797464615384624	0.1279832615384616	0.12774358974358982
7.809999999999996	0.12726994110115245	0.12708515236875806	0.12783610755441746	0.1279347708066582
7.819999999999996	0.12683220460358063	0.12783009718670083	0.12772591304347833	0.12734027621483382
7.829999999999996	0.12107484035759904	0.12769790038314183	0.12745759386973188	0.12624625287356328
7.839999999999995	0.12232579591836742	0.12754114285714294	0.1267346938775511	0.12754579591836743
7.849999999999996	0.12643758471337585	0.12607355923566885	0.12735592356687905	0.1272769222929937
7.859999999999996	0.12295645801526725	0.12689294656488556	0.1262767226463105	0.12644445801526724
7.869999999999996	0.12068919949174085	0.12569047013977136	0.12666632782719192	0.1269651842439645
7.8799999999999955	0.12609137055837571	0.1260585583756346	0.12679236548223358	0.12690347208121835
7.889999999999996	0.12651485931558942	0.12515285171102666	0.12674238783269967	0.12522025855513313
7.899999999999996	0.12244447594936715	0.12453419746835451	0.12629063291139248	0.12657830886075955
7.909999999999996	0.1263341390644754	0.12432497597977252	0.12634943109987365	0.1264219266750949
7.9199999999999955	0.12616921212121218	0.12586666666666674	0.12421971717171724	0.1262303030303031
7.929999999999996	0.12277758385876425	0.1258767011349307	0.12559971752837332	0.1258934880201766
7.939999999999996	0.12417902267002526	0.12353217128463481	0.1259432947103275	0.1259287858942066
7.949999999999996	0.12577811320754725	0.12532117735849063	0.1208348981132076	0.12573584905660384
7.9599999999999955	0.12553519597989957	0.125175879396985	0.12396092462311564	0.12443143718592971
7.969999999999995	0.12528550062735264	0.12317703387703896	0.1214052697616061	0.12546922961104148
7.979999999999996	0.1233111578947369	0.12526708771929831	0.1239369624060151	0.1253112781954888
7.989999999999996	0.12469378723404262	0.12456402503128917	0.1251429086357948	0.12505832290362962
7.999999999999996	0.12438048000000007	0.12102168000000006	0.11959200000000007	0.12467232000000007
8.009999999999996	0.12463612484394512	0.12367412734082403	0.1248304419475656	0.12472241697877659
8.019999999999996	0.12136730174563597	0.12417755610972575	0.12428600498753123	0.12420277306733174
8.029999999999996	0.12430912079701127	0.11850560398505611	0.12388742216687429	0.12453172602739732
8.039999999999996	0.12434300497512445	0.11861802985074633	0.1240520597014926	0.12416286567164185
8.049999999999995	0.1188077714285715	0.12313528447204976	0.12277465838509324	0.12422328447204976
8.059999999999997	0.12050072456575686	0.12246836724565761	0.1199778461538462	0.12406947890818863
8.069999999999997	0.12344553159851306	0.12292092193308556	0.12354902602230489	0.12389789343246597
8.079999999999997	0.12324269306930698	0.12078130693069312	0.12369576237623768	0.12336308910891094
8.089999999999996	0.12346984425216323	0.12075352286773801	0.12327515451174294	0.12351248454882577
8.099999999999996	0.12163128888888895	0.12274370370370376	0.12308061234567907	0.12341499259259266
8.109999999999996	0.12303909247842176	0.11945027866831079	0.12112998273736135	0.12291787916152903
8.119999999999996	0.12245627586206904	0.12234868965517248	0.12276650246305425	0.12312118226600992
8.129999999999995	0.12284882656826576	0.12285567527675284	0.12213333333333341	0.122031311193112
8.139999999999995	0.11095264864864872	0.12169898771498779	0.12255756265356273	0.1222273415233416
8.149999999999995	0.12133112147239272	0.12220929570552154	0.12128934478527614	0.12228091288343566
8.159999999999995	0.12229419607843145	0.11760776470588243	0.1201744313725491	0.12184117647058831
8.169999999999996	0.12216205630354962	0.1180360538555692	0.12169204406364754	0.12216205630354962
8.179999999999996	0.12176109535452329	0.12200402933985337	0.12110388264058686	0.12214799022004896
8.189999999999996	0.11956825396825403	0.12143871062271068	0.12142425396825403	0.1220250256410257
8.199999999999996	0.12174017560975615	0.12102392195121957	0.1216976390243903	0.121850068292683
8.209999999999996	0.11933279415347144	0.12178514007308167	0.11595022655298423	0.12173252131546901
8.219999999999995	0.12037886131386868	0.12151715815085165	0.12164508029197088	0.12160186861313876
8.229999999999995	0.12049605832320785	0.11781101336573518	0.12109227703523702	0.1196624252733901
8.239999999999995	0.12135798058252434	0.12123495145631075	0.11994368932038842	0.1213281553398059
8.249999999999996	0.11917622303030309	0.12005748363636368	0.1196257745454546	0.12115968000000005
8.259999999999996	0.11582760290556907	0.12060598547215502	0.12065247457627125	0.12099564164648915
8.269999999999996	0.12091619830713428	0.11480833857315605	0.12074803385731565	0.12083973881499402
8.279999999999996	0.11795315942028992	0.1204853333333334	0.12060939130434789	0.12056394202898556
8.289999999999996	0.1185508516284681	0.11580217129071176	0.11991577322074795	0.12060749819059113
8.299999999999995	0.11865322409638561	0.11592875180722899	0.12035855421686753	0.12038199518072297
8.309999999999995	0.12026762936221427	0.11731762214199766	0.11976733574007227	0.12009542238267155
8.319999999999995	0.11568738461538468	0.11454300000000008	0.11958300000000008	0.11832030769230777
8.329999999999995	0.11656228571428578	0.1139381320528212	0.11890447058823536	0.11994844657863153
8.339999999999996	0.11990376978417272	0.11989786091127104	0.11243403357314155	0.11957985611510796
8.349999999999996	0.11362192095808388	0.11970038802395215	0.11767377245508988	0.11934076167664677
8.359999999999996	0.11961232535885173	0.11922036363636371	0.11531720574162685	0.11882074641148331
8.369999999999996	0.11927543130227007	0.11418540501792121	0.11812174910394271	0.11892186379928323
8.379999999999995	0.11404914558472559	0.11898890692124112	0.1188182147971361	0.11917013842482108
8.389999999999995	0.11821547556615025	0.11788044815256263	0.11730925387365919	0.11847178069129924
8.399999999999995	0.11515611428571434	0.11894887619047627	0.11901074285714293	0.11898354285714292
8.409999999999995	0.11889845422116536	0.11430080380499412	0.11795146730083242	0.11864116052318675
8.419999999999996	0.11619146793349173	0.11847266508313543	0.11681900237529697	0.11774206175771976
8.429999999999996	0.11696102491103208	0.11858023250296565	0.11790963701067621	0.11856444128113884
8.439999999999996	0.11846400000000006	0.11668504265402849	0.11805687203791475	0.11846149763033181
8.449999999999996	0.11833403076923082	0.11675076923076928	0.11509782721893497	0.11800320000000006
8.459999999999996	0.1170957163120568	0.1181814468085107	0.11809974468085112	0.1178934468085107
8.469999999999995	0.11239095159386076	0.11730814639905555	0.11450567178276276	0.11792404250295166
8.479999999999995	0.11773584905660384	0.11644528301886799	0.11791539622641517	0.11779766037735856
8.489999999999995	0.1173031802120142	0.11580728386336875	0.1176046360424029	0.11724098939929337
8.499999999999995	0.1157435482352942	0.11668562823529419	0.1157435482352942	0.1174355576470589
8.509999999999996	0.11461971327849595	0.11515269565217395	0.10936847943595775	0.11675675675675681
8.519999999999996	0.11488270422535217	0.1169020845070423	0.11726805633802823	0.1173491830985916
8.529999999999996	0.11703041500586171	0.11496170691676443	0.11702253692848776	0.11719698007034003
8.539999999999996	0.11613909133489468	0.11681716159250592	0.11651567213114761	0.1170869508196722
8.549999999999995	0.11683929824561409	0.10671157894736848	0.11555413333333339	0.11674079064327492
8.559999999999995	0.11514018691588791	0.1168149532710281	0.11659626168224305	0.11664291588785053
8.569999999999995	0.11664309918319726	0.10074630571761967	0.11573253675612609	0.11644348191365235
8.579999999999995	0.11449465734265742	0.11496011188811195	0.11569611188811196	0.11456827972027979
8.589999999999995	0.10948358556461008	0.11552923864959262	0.11544616530849833	0.11556142491268924
8.599999999999996	0.11589328372093029	0.11136379534883727	0.11627906976744191	0.11612837209302332
8.609999999999996	0.11507363530778171	0.11612498954703838	0.11217757955865278	0.11611428571428577
8.619999999999996	0.11598782366589333	0.1156454756380511	0.1154211786542924	0.11587200000000006
8.629999999999995	0.11437949478563159	0.11404688760139056	0.11437949478563159	0.11567432676709159
8.639999999999995	0.11559074074074081	0.11454600000000006	0.1145833333333334	0.11504377777777784
8.649999999999995	0.11009265202312145	0.11405132947976884	0.1155879953757226	0.11495317456647407
8.659999999999995	0.11128727944572755	0.11510089607390307	0.11487482678983842	0.11544949653579684
8.669999999999995	0.11446322491349488	0.1145418408304499	0.11518405536332188	0.11525492041522498
8.679999999999996	0.11507104147465443	0.1108535299539171	0.11508342857142861	0.11517168663594475
8.689999999999996	0.1139605799769851	0.11406663291139245	0.11339555350978141	0.11507413578826242
8.699999999999996	0.11472000000000004	0.11274085517241385	0.11480651034482765	0.11427862068965523
8.709999999999996	0.11354959357060855	0.11469880137772681	0.1148016716417911	0.1146550815154995
8.719999999999995	0.11020117431192666	0.11382282568807346	0.11418539449541291	0.11428777981651383
8.729999999999995	0.10461954639175264	0.10666050859106535	0.11362793127147773	0.11452876975945023
8.739999999999995	0.10825812356979411	0.11412583981693371	0.11374162013729983	0.11406784439359274
8.749999999999995	0.11222133028571436	0.11427978971428578	0.1135688411428572	0.11427518171428579
8.759999999999994	0.10757990867579915	0.11413654794520554	0.11235441095890418	0.11403835616438363
8.769999999999996	0.10682993842645387	0.11323577651083244	0.11400399543899663	0.11358109920182445
8.779999999999996	0.10873760364464698	0.11334348974943058	0.11372020045558093	0.11334348974943058
8.789999999999996	0.11073558134243464	0.11363101706484648	0.10690337201365192	0.11358361774744033
8.799999999999995	0.10655680000000006	0.10170727272727279	0.11346880000000006	0.11343970909090914
8.809999999999995	0.11350621566401822	0.11337923269012493	0.11324585698070382	0.11332576617480142
8.819999999999995	0.11329966439909304	0.10474195011337874	0.11336990476190482	0.11290260317460324
8.829999999999995	0.10996192978482452	0.11309691506228772	0.11263681087202725	0.11298935447338625
8.839999999999995	0.10430400000000006	0.11211409954751138	0.11282562895927609	0.11285277828054306
8.849999999999996	0.11205452655367236	0.11278347570621473	0.11286678418079102	0.11290576271186445
8.859999999999996	0.10504805417607228	0.1125616252821671	0.11194445146726868	0.11279284875846507
8.869999999999996	0.10744055918827514	0.11266099661781291	0.11210202480270581	0.11257333032694482
8.879999999999995	0.11197578378378385	0.11246666666666673	0.11238659459459466	0.11258659459459466
8.889999999999995	0.1115338582677166	0.11229127559055124	0.11248586726659174	0.11232691113610804
8.899999999999995	0.1118760269662922	0.10734770337078657	0.11200719101123602	0.11165475955056185
8.909999999999995	0.11197485970819311	0.1063580875420876	0.11103813243546583	0.1118713535353536
8.919999999999995	0.1095717309417041	0.10676025112107629	0.11196871748878931	0.11186626008968617
8.929999999999994	0.1096857513997761	0.11142708174692056	0.11109905487122067	0.1119785711086227
8.939999999999996	0.10916252348993294	0.10810265771812086	0.1118046353467562	0.11183613422818797
8.949999999999996	0.11113968268156431	0.09857136983240228	0.10798187262569837	0.10951680000000005
8.959999999999996	0.1112368571428572	0.1088068571428572	0.1115693571428572	0.11128650000000005
8.969999999999995	0.10750886956521745	0.11120845484949839	0.11101459977703461	0.11143448829431445
8.979999999999995	0.11125017371937646	0.11119436971046777	0.10897183073496665	0.11121425389755017
8.989999999999995	0.11053696996662965	0.11123442046718583	0.11113190656284767	0.1112340645161291
8.999999999999995	0.10983424000000006	0.10840711111111118	0.10867733333333339	0.11100842666666674
9.009999999999994	0.11098772031076588	0.10980574472807998	0.11096960710321871	0.11073207547169818
9.019999999999996	0.11043306430155216	0.10827629268292688	0.1107676097560976	0.11081678048780493
9.029999999999996	0.10883572093023261	0.10821025027685498	0.11048682170542641	0.11011572093023261
9.039999999999996	0.10974718584070801	0.10553458407079651	0.11029210619469032	0.11003320353982307
9.049999999999995	0.10957818342541442	0.1101099845303868	0.11006698784530393	0.11048868066298348
9.059999999999995	0.10647417218543051	0.10884881236203096	0.11037527593818991	0.10935805739514355
9.069999999999995	0.10284623594266819	0.10394524366041902	0.10997352149944879	0.11007005071664835
9.079999999999995	0.10959866079295161	0.11003566519823794	0.10850368281938333	0.11001367400881062
9.089999999999995	0.10973155555555562	0.11000086248624869	0.10962545214521459	0.10923476347634771
9.099999999999994	0.10969255384615392	0.10988160000000007	0.10941721318681326	0.10988835164835171
9.109999999999996	0.10942524698133924	0.10618126893523605	0.1092619099890231	0.10976604171240399
9.119999999999996	0.1085172631578948	0.10819396491228075	0.10938800000000005	0.10964343859649128
9.129999999999995	0.10931697699890476	0.10952839430449075	0.10913472070098582	0.10949811171960575
9.139999999999995	0.1092736280087528	0.10770513785557993	0.10901531728665213	0.10896105032822763
9.149999999999995	0.1089940983606558	0.10536085683060115	0.10928514098360662	0.10928954754098366
9.159999999999995	0.10895895196506555	0.10783972052401752	0.10733666375545858	0.10910316157205247
9.169999999999995	0.1090233369683752	0.09656329770992372	0.10693820719738284	0.10858196728462384
9.179999999999994	0.10495016993464058	0.10460995206971684	0.10874394771241837	0.10882091503267981
9.189999999999996	0.10212143634385205	0.09886335582154519	0.10859553427638743	0.1087887878128401
9.199999999999996	0.10693697391304353	0.10507937391304352	0.10060653913043482	0.10797189565217397
9.209999999999996	0.1085108534201955	0.10761005863192187	0.10757698154180244	0.1084664495114007
9.219999999999995	0.1080797570498916	0.10683495010845993	0.10830653362255971	0.10825745770065082
9.229999999999995	0.1062188515709643	0.10780539978331534	0.10707865655471295	0.107742647887324
9.239999999999995	0.10436737662337668	0.10820509090909097	0.10809703896103902	0.10817828571428578
9.249999999999995	0.10781578378378384	0.10402255567567574	0.10451137729729736	0.10795526918918924
9.259999999999994	0.10795479913606917	0.10798887257019445	0.10706135637149033	0.1078044751619871
9.269999999999994	0.10714242071197418	0.10781272923408852	0.10750695145631076	0.10787237971952542
9.279999999999996	0.10753455172413798	0.10727200000000005	0.10618613793103453	0.10770455172413798
9.289999999999996	0.10759605597416583	0.10762712594187303	0.10418593756727669	0.10763821743810555
9.299999999999995	0.10734080000000004	0.10739963870967748	0.10733357419354844	0.10708645161290328
9.309999999999995	0.09711577228786257	0.10508401288936632	0.10685456498388834	0.10731727604726106
9.319999999999995	0.10296988841201722	0.1072629012875537	0.10720212875536486	0.10684559656652366
9.329999999999995	0.10332817148981785	0.10696601929260456	0.10451899678456597	0.10714162486602363
9.339999999999995	0.10616017130620992	0.10604649250535338	0.10706631263383304	0.10614434261241976
9.349999999999994	0.10501996149732627	0.10458380320855622	0.10685816470588241	0.10623972620320862
9.359999999999996	0.10242625641025645	0.1063778461538462	0.10680745299145304	0.10667343589743594
9.369999999999996	0.10097929562433303	0.10610715048025618	0.10540390181430101	0.10583591889007475
9.379999999999995	0.10647164179104483	0.10612837526652456	0.10357212793176977	0.10626585927505335
9.389999999999995	0.10276423429179983	0.10631197444089462	0.10502345473908418	0.10638169968051123
9.399999999999995	0.10432163404255325	0.10407788936170219	0.10637617021276602	0.10636330212765963
9.409999999999995	0.10626992561105213	0.10583464399574927	0.10626312433581303	0.10610662699256117
9.419999999999995	0.10611797876857755	0.1060005774946922	0.10259424203821663	0.10407643312101918
9.429999999999994	0.10601739130434788	0.09550890349946985	0.10213531283138924	0.10573071474019094
9.439999999999994	0.10460338983050854	0.10444718644067803	0.10221993220338989	0.10591023728813566
9.449999999999996	0.10564395343915349	0.10462212063492067	0.10367431111111115	0.10581902222222227
9.459999999999996	0.10393275264270618	0.10556509090909097	0.1057079746300212	0.10556509090909097
9.469999999999995	0.09644441816261885	0.10536927560718062	0.10556087011615634	0.10558688912354809
9.479999999999995	0.10504229535864984	0.10259247257383972	0.10492617721518993	0.10548192405063296
9.489999999999995	0.10537401053740786	0.10299049947312966	0.1041990136986302	0.105271502634352
9.499999999999995	0.10470528000000007	0.09691594105263163	0.10424394105263164	0.10488421052631584
9.509999999999994	0.10446596845425873	0.10403257202944274	0.10454511041009469	0.10512555205047325
9.519999999999994	0.10422857142857149	0.10314460504201688	0.10491771428571435	0.10464342857142864
9.529999999999996	0.10063318363064014	0.09860237565582375	0.1049075508919203	0.10472119202518368
9.539999999999996	0.10473485953878411	0.10482173584905666	0.10406802515723275	0.1046038406708596
9.549999999999995	0.10221577382198958	0.1045018806282723	0.10469488586387439	0.10293150157068068
9.559999999999995	0.1028672133891214	0.10259889539748959	0.10136234309623436	0.1046025104602511
9.569999999999995	0.10421928526645774	0.10414652455590392	0.10249168652037623	0.10402133333333338
9.579999999999995	0.10337342797494786	0.10437745302713994	0.10152156993736958	0.10434565344467646
9.589999999999995	0.10316472992700736	0.10427288425443176	0.10423357664233583	0.10403503649635043
9.599999999999994	0.09690666666666672	0.10416666666666673	0.10317440000000005	0.10401306666666672
9.609999999999994	0.10396210613943815	0.10405287825182108	0.10251960874089497	0.10222311758584814
9.619999999999996	0.10338701039501044	0.1013943617463618	0.09965797920997925	0.10344655301455306
9.629999999999995	0.1021408099688474	0.10187603738317762	0.10331573831775706	0.1036693001038422
9.639999999999995	0.10252448132780088	0.09702081327800835	0.103605908713693	0.1037338423236515
9.649999999999995	0.10186485388601041	0.10356320829015549	0.10341895958549228	0.1036226984455959
9.659999999999995	0.10198896894409944	0.09907537888198763	0.10337947826086963	0.1035116521739131
9.669999999999995	0.10286454601861433	0.0998195491209928	0.10292311892450885	0.102491069286453
9.679999999999994	0.0999883636363637	0.10324224793388435	0.10330472727272733	0.1030984462809918
9.689999999999994	0.10186739318885456	0.09841991331269356	0.10298458617131069	0.10304700103199181
9.699999999999994	0.10309113402061862	0.10194315876288666	0.10066051958762894	0.10292117113402069
9.709999999999996	0.10235359835221426	0.09550111637487131	0.10284101338825957	0.10285900720906287
9.719999999999995	0.10258508641975313	0.1028677530864198	0.10287407407407413	0.10288059259259265
9.729999999999995	0.09959136690647487	0.0935744460431655	0.10040041109969172	0.1027075683453238
9.739999999999995	0.10170736755646823	0.1022798193018481	0.10253634496919924	0.102574521560575
9.749999999999995	0.10079862153846159	0.1022515856410257	0.10176984615384621	0.10254040615384621
9.759999999999994	0.1010612459016394	0.09746386885245907	0.10177678688524597	0.10180327868852465
9.769999999999994	0.10216312794268173	0.10071883725690896	0.10059227840327539	0.10235250767656096
9.779999999999994	0.10216467893660539	0.09395592638036815	0.09986218404907982	0.10221487116564423
9.789999999999996	0.10185158733401434	0.10036527068437186	0.10190970377936676	0.10214445760980598
9.799999999999995	0.09982981224489801	0.10191438367346944	0.10185038367346944	0.10196969795918373
9.809999999999995	0.09965543730886856	0.1001390581039756	0.10080006523955154	0.0997519918450561
9.819999999999995	0.09252079837067215	0.09438735641547867	0.09965041140529536	0.10175765376782082
9.829999999999995	0.09673381892166841	0.09398006103763992	0.10124786978636832	0.10152522482197361
9.839999999999995	0.09296097560975615	0.1012403902439025	0.1015853658536586	0.10093600000000005
9.849999999999994	0.09461760000000005	0.09300830862944168	0.10128107208121834	0.10152277766497468
9.859999999999994	0.10141754158215016	0.10056146044624752	0.1005313427991887	0.10114563894523332
9.869999999999994	0.09723195136778122	0.09582615602836886	0.09904962917933137	0.10124650861195549
9.879999999999995	0.09205661538461543	0.10031261538461543	0.10108916599190289	0.10068987854251017
9.889999999999995	0.10100869565217396	0.10093725379170884	0.10083882709807891	0.10084717492416588
9.899999999999995	0.1009955555555556	0.0949172363636364	0.09375515151515157	0.10087919191919198
9.909999999999995	0.09811413118062569	0.1000391685166499	0.10085754187689208	0.10030052875882951
9.919999999999995	0.10037264516129038	0.09809516129032263	0.09957780645161296	0.10023638709677425
9.929999999999994	0.1005625619335348	0.1006646525679759	0.10052389123867075	0.10070261430010076
9.939999999999994	0.10007043863179081	0.09388626156941655	0.09923116297786726	0.10042952112676062
9.949999999999994	0.09827724221105534	0.10050225527638197	0.10000440603015082	0.10048804020100509
9.959999999999996	0.10031832931726913	0.10018544578313257	0.1002072289156627	0.10022785542168679
9.969999999999995	0.10006204212637919	0.0998797352056169	0.1002177091273822	0.09982613440320968
9.979999999999995	0.10017474949899804	0.09993773146292591	0.09986795991983974	0.10001340280561127
9.989999999999995	0.0992380540540541	0.09944658258258264	0.09955786186186191	0.10008158558558564
